9, 9 || 1, 1, 1, 3, 10 || 0.19565682392069558, 0.19514337047997482, 0.0005134534407207625
7, 7 || 1, 1, 1, 5, 10 || 0.11482090044182308, 0.11466085191120322, 0.00016004853061986346
8, 7 || 1, 1, 1, 5, 10 || 0.18717864446701243, 0.18713754395293025, 4.110051408218185e-05
7, 7 || 1, 1, 1, 6, 10 || 0.12208447662594189, 0.12089536597812278, 0.001189110647819111
10, 8 || 1, 1, 2, 4, 8 || 0.5493305708746774, 0.5487320867130573, 0.0005984841616201164
9, 8 || 1, 1, 2, 4, 9 || 0.36925822710093753, 0.3684050347590907, 0.0008531923418468312
8, 7 || 1, 1, 2, 4, 10 || 0.34330879174604756, 0.34183591341662334, 0.001472878329424221
8, 8 || 1, 1, 2, 4, 10 || 0.3212963795676084, 0.3190138196586717, 0.002282559908936721
8, 10 || 1, 1, 2, 4, 10 || 0.3317818799161233, 0.33069669743571944, 0.0010851824804038457
10, 8 || 1, 1, 2, 5, 8 || 0.5573571085171484, 0.5568361927417503, 0.0005209157753980342
8, 1 || 1, 1, 2, 5, 9 || 0.26422937051355566, 0.26400164288743605, 0.0002277276261196115
8, 7 || 1, 1, 2, 5, 9 || 0.33317517556369963, 0.33300226154319623, 0.00017291402050340077
9, 8 || 1, 1, 2, 5, 9 || 0.373596627601025, 0.37299814343940496, 0.0005984841616200609
10, 1 || 1, 1, 2, 5, 9 || 0.5442650646399319, 0.5439228987968407, 0.0003421658430911023
7, 3 || 1, 1, 2, 5, 10 || 0.22561225714753624, 0.2255110657914265, 0.00010119135610975327
7, 4 || 1, 1, 2, 5, 10 || 0.2233708925474276, 0.22336535420341153, 5.538344016065011e-06
7, 9 || 1, 1, 2, 5, 10 || 0.3446035848569969, 0.34459453972681087, 9.045130186013939e-06
8, 7 || 1, 1, 2, 5, 10 || 0.3482648858004972, 0.3480704274835429, 0.0001944583169543046
8, 8 || 1, 1, 2, 5, 10 || 0.32648025029952316, 0.32638254108580483, 9.77092137183222e-05
9, 1 || 1, 1, 2, 6, 7 || 0.21991203297853928, 0.21984877565744965, 6.325732108963811e-05
9, 8 || 1, 1, 2, 6, 7 || 0.4364407407386024, 0.43580964119816856, 0.0006310995404338327
8, 8 || 1, 1, 2, 6, 8 || 0.36332728455282426, 0.3623999280266008, 0.000927356526223444
9, 8 || 1, 1, 2, 6, 9 || 0.38162316524349593, 0.3811022494680979, 0.0005209157753980342
6, 8 || 1, 1, 2, 6, 10 || 0.3394424670096322, 0.3394251904279285, 1.7276581703695726e-05
7, 3 || 1, 1, 2, 6, 10 || 0.22561225714753624, 0.2255110657914265, 0.00010119135610975327
7, 4 || 1, 1, 2, 6, 10 || 0.22337089254742756, 0.22336535420341153, 5.5383440160372555e-06
7, 7 || 1, 1, 2, 6, 10 || 0.2900442150466138, 0.2898568269446658, 0.00018738810194801614
9, 1 || 1, 1, 2, 6, 10 || 0.2206128464884098, 0.22027068064531866, 0.0003421658430911301
8, 8 || 1, 1, 2, 7, 8 || 0.3711351335957276, 0.37050403405529375, 0.0006310995404338327
7, 1 || 1, 1, 2, 7, 9 || 0.16602147243040158, 0.16569457942111454, 0.00032689300928703813
8, 7 || 1, 1, 2, 7, 9 || 0.3529878862860034, 0.35170163617177547, 0.0012862501142279492
6, 1 || 1, 1, 2, 7, 10 || 0.1719611056517237, 0.1719410823164499, 2.002333527381661e-05
6, 8 || 1, 1, 2, 7, 10 || 0.33270703508588795, 0.3314879042290314, 0.0012191308568565429
7, 3 || 1, 1, 2, 7, 10 || 0.22561225714753627, 0.2255110657914265, 0.00010119135610978103
7, 4 || 1, 1, 2, 7, 10 || 0.22337089254742754, 0.22336535420341153, 5.5383440160095e-06
7, 7 || 1, 1, 2, 7, 10 || 0.2947303903099963, 0.2944755209537555, 0.00025486935624080553
8, 7 || 1, 1, 2, 7, 10 || 0.3681179124680002, 0.3667698021121221, 0.0013481103558780627
10, 8 || 1, 1, 2, 8, 9 || 0.5444358473111847, 0.5443244317681188, 0.00011141554306581813
6, 1 || 1, 1, 2, 8, 10 || 0.1683842228037028, 0.16810776913050463, 0.0002764536731981737
6, 8 || 1, 1, 2, 8, 10 || 0.3273669931060702, 0.32643963657984687, 0.000927356526223333
7, 7 || 1, 1, 2, 8, 10 || 0.3080236810801249, 0.30485504610722947, 0.0031686349728954344
10, 2 || 1, 1, 2, 8, 10 || 0.4788409734402609, 0.4774574417855746, 0.0013835316546862986
3, 1 || 1, 1, 2, 9, 10 || 0.15063402060454134, 0.15061852578999538, 1.5494814545963242e-05
6, 1 || 1, 1, 2, 9, 10 || 0.16624622100741449, 0.16618296368632485, 6.325732108963811e-05
6, 8 || 1, 1, 2, 9, 10 || 0.3268431566358455, 0.32621205709541173, 0.0006310995404337771
9, 8 || 1, 1, 2, 9, 10 || 0.3687019040375322, 0.3685904884944665, 0.00011141554306570711
10, 2 || 1, 1, 2, 9, 10 || 0.47128183076040925, 0.46825218758178927, 0.0030296431786199784
10, 3 || 1, 1, 2, 9, 10 || 0.4674177599207292, 0.46171025227026463, 0.005707507650464572
10, 4 || 1, 1, 2, 9, 10 || 0.4632836456433774, 0.46077562881540723, 0.0025080168279701387
10, 5 || 1, 1, 2, 9, 10 || 0.4589852575734381, 0.4586537532597077, 0.000331504313730413
9, 8 || 1, 1, 3, 4, 9 || 0.380960591271565, 0.3808954098701095, 6.518140145550522e-05
8, 8 || 1, 1, 3, 4, 10 || 0.3113944633290868, 0.31101952496661356, 0.00037493836247326495
8, 10 || 1, 1, 3, 4, 10 || 0.1914964775902388, 0.19138142933261304, 0.00011504825762576054
10, 2 || 1, 1, 3, 5, 7 || 0.5442947571926677, 0.5428472744894179, 0.0014474827032497917
10, 3 || 1, 1, 3, 5, 7 || 0.5313758583071165, 0.5301799991466892, 0.0011958591604273039
10, 9 || 1, 1, 3, 5, 7 || 0.6862762572129274, 0.6862574670080009, 1.8790204926455445e-05
10, 7 || 1, 1, 3, 5, 8 || 0.6108191974557149, 0.6104502070473179, 0.00036899040839699637
10, 10 || 1, 1, 3, 5, 8 || 0.6649844909761723, 0.6649564912700536, 2.7999706118664314e-05
8, 8 || 1, 1, 3, 5, 10 || 0.3156549841286902, 0.31558980272723475, 6.51814014554497e-05
9, 7 || 1, 1, 3, 5, 10 || 0.3791571214675744, 0.3789113373010239, 0.00024578416655052227
9, 9 || 1, 1, 3, 6, 7 || 0.46596416762324383, 0.4659601038040755, 4.063819168342864e-06
9, 10 || 1, 1, 3, 6, 7 || 0.32570191360723355, 0.3249990200299608, 0.0007028935772727674
10, 4 || 1, 1, 3, 6, 7 || 0.5141395015600514, 0.5141158715781652, 2.3629981886208462e-05
8, 1 || 1, 1, 3, 6, 8 || 0.18139787675745925, 0.1813469636235335, 5.0913133925745147e-05
8, 8 || 1, 1, 3, 6, 8 || 0.4142704533918411, 0.4137398090132988, 0.0005306443785422776
8, 9 || 1, 1, 3, 6, 8 || 0.280075977711437, 0.2796794796164239, 0.00039649809501307587
8, 10 || 1, 1, 3, 6, 8 || 0.17634501604297778, 0.1762782210658787, 6.679497709907722e-05
9, 2 || 1, 1, 3, 6, 8 || 0.3327637973151035, 0.33131631461185385, 0.0014474827032496806
9, 3 || 1, 1, 3, 6, 8 || 0.32440062213774606, 0.3232047629773187, 0.0011958591604273594
9, 9 || 1, 1, 3, 6, 8 || 0.4860295994018503, 0.48601080919692374, 1.8790204926566467e-05
10, 2 || 1, 1, 3, 6, 8 || 0.5306805258888212, 0.5301929701187874, 0.00048755577003378736
7, 5 || 1, 1, 3, 6, 9 || 0.2564884724685351, 0.25647128999394897, 1.718247458615263e-05
7, 9 || 1, 1, 3, 6, 9 || 0.3520637632242214, 0.3512279225101013, 0.000835840714120073
9, 7 || 1, 1, 3, 6, 9 || 0.4358621686365918, 0.43549317822819467, 0.0003689904083971074
9, 10 || 1, 1, 3, 6, 9 || 0.3526101428028233, 0.3525821430967046, 2.7999706118719825e-05
6, 9 || 1, 1, 3, 6, 10 || 0.3788660488430497, 0.378802705850494, 6.334299255567055e-05
6, 10 || 1, 1, 3, 6, 10 || 0.283262088267675, 0.28209639576423073, 0.0011656925034442822
9, 9 || 1, 1, 3, 6, 10 || 0.3326272891020361, 0.3322789294292961, 0.00034835967273999513
7, 1 || 1, 1, 3, 7, 8 || 0.26975521378195333, 0.2694857213579058, 0.0002694924240475016
8, 9 || 1, 1, 3, 7, 8 || 0.29574205066070275, 0.29573798684153435, 4.063819168398375e-06
8, 10 || 1, 1, 3, 7, 8 || 0.18961654126289593, 0.18891364768562313, 0.0007028935772727951
9, 4 || 1, 1, 3, 7, 8 || 0.3126323277805239, 0.3126086977986378, 2.362998188609744e-05
10, 2 || 1, 1, 3, 7, 8 || 0.5251083055856618, 0.5250968333748953, 1.1472210766472202e-05
10, 3 || 1, 1, 3, 7, 8 || 0.5106881650899955, 0.5084616710801614, 0.0022264940098341013
6, 1 || 1, 1, 3, 7, 9 || 0.22906053797388343, 0.2290604536054256, 8.436845783110769e-08
6, 7 || 1, 1, 3, 7, 9 || 0.30803271917133634, 0.30792502998272764, 0.00010768918860870613
6, 8 || 1, 1, 3, 7, 9 || 0.36019380348710817, 0.35949299215012054, 0.0007008113369876279
8, 2 || 1, 1, 3, 7, 9 || 0.25450973410032157, 0.2530622513970719, 0.0014474827032496806
8, 3 || 1, 1, 3, 7, 9 || 0.24865497602667735, 0.24745911686625002, 0.0011958591604273316
8, 9 || 1, 1, 3, 7, 9 || 0.31580748243930906, 0.31578869223438255, 1.8790204926510956e-05
9, 2 || 1, 1, 3, 7, 9 || 0.3191495660112571, 0.31866201024122337, 0.00048755577003373185
6, 8 || 1, 1, 3, 7, 10 || 0.4191284092379387, 0.4184818201966412, 0.0006465890412974962
6, 9 || 1, 1, 3, 7, 10 || 0.3730621528804058, 0.37222631216628566, 0.0008358407141201285
8, 7 || 1, 1, 3, 7, 10 || 0.3882317832658292, 0.3878627928574321, 0.0003689904083971074
8, 10 || 1, 1, 3, 7, 10 || 0.21652477045848567, 0.21649677075236695, 2.7999706118719825e-05
7, 8 || 1, 1, 3, 8, 8 || 0.3166644498558112, 0.31566441355917346, 0.0010000362966377518
6, 1 || 1, 1, 3, 8, 9 || 0.2260708993803559, 0.22556727362220166, 0.0005036257581542414
6, 8 || 1, 1, 3, 8, 9 || 0.3587951077903331, 0.3560609182375592, 0.00273418955277388
7, 2 || 1, 1, 3, 8, 9 || 0.2759123475283084, 0.2757956939897621, 0.00011665353854628524
8, 4 || 1, 1, 3, 8, 9 || 0.23943403734765778, 0.23941040736577168, 2.362998188609744e-05
9, 2 || 1, 1, 3, 8, 9 || 0.3135773457080978, 0.31356587349733134, 1.1472210766472202e-05
9, 3 || 1, 1, 3, 8, 9 || 0.30371292892062507, 0.30148643491079097, 0.0022264940098341013
10, 4 || 1, 1, 3, 8, 9 || 0.4734783798099237, 0.4727545630141712, 0.0007238167957525077
10, 5 || 1, 1, 3, 8, 9 || 0.4657337199075928, 0.463591604809776, 0.00214211509781681
5, 1 || 1, 1, 3, 8, 10 || 0.19076872812802503, 0.1907686437595672, 8.436845783110769e-08
5, 7 || 1, 1, 3, 8, 10 || 0.3894359801702396, 0.3893282909816309, 0.00010768918860870613
5, 8 || 1, 1, 3, 8, 10 || 0.35414144827885885, 0.3534406369418712, 0.0007008113369876279
6, 1 || 1, 1, 3, 8, 10 || 0.25310046716932827, 0.2530495540354025, 5.0913133925745147e-05
6, 8 || 1, 1, 3, 8, 10 || 0.41790246019812793, 0.4173718158195856, 0.0005306443785423332
6, 9 || 1, 1, 3, 8, 10 || 0.37278521557948435, 0.37238871748447133, 0.00039649809501302036
6, 10 || 1, 1, 3, 8, 10 || 0.2798227237875778, 0.2797559288104787, 6.679497709904947e-05
7, 7 || 1, 1, 3, 8, 10 || 0.37689580564427705, 0.3765336584236194, 0.00036214722065763816
7, 9 || 1, 1, 3, 8, 10 || 0.4279676170825648, 0.42794882687763824, 1.8790204926566467e-05
8, 2 || 1, 1, 3, 8, 10 || 0.24089550279647517, 0.24040794702644142, 0.0004875557700337596
10, 4 || 1, 1, 3, 8, 10 || 0.47550912103046916, 0.4747853042347167, 0.0007238167957524522
10, 5 || 1, 1, 3, 8, 10 || 0.46762441000947985, 0.4654822949116632, 0.0021421150978166437
7, 5 || 1, 1, 3, 9, 9 || 0.2692567997882364, 0.26861062803704694, 0.0006461717511894727
5, 1 || 1, 1, 3, 9, 10 || 0.18777908953449746, 0.18727546377634324, 0.0005036257581542136
5, 8 || 1, 1, 3, 9, 10 || 0.35274275258208376, 0.3500085630293099, 0.00273418955277388
6, 9 || 1, 1, 3, 9, 10 || 0.380902398365786, 0.3808983345466176, 4.063819168398375e-06
6, 10 || 1, 1, 3, 9, 10 || 0.2864682053133539, 0.28576531173608105, 0.0007028935772728229
7, 4 || 1, 1, 3, 9, 10 || 0.30776555140714756, 0.30774192142526147, 2.362998188609744e-05
8, 2 || 1, 1, 3, 9, 10 || 0.23532328249331577, 0.23531181028254933, 1.1472210766444446e-05
8, 3 || 1, 1, 3, 9, 10 || 0.2279672828095563, 0.2257407887997223, 0.002226494009834018
9, 4 || 1, 1, 3, 9, 10 || 0.2719712060303963, 0.2712473892346438, 0.0007238167957525077
9, 5 || 1, 1, 3, 9, 10 || 0.2710709125094523, 0.26892879741163556, 0.0021421150978167547
9, 1 || 1, 1, 4, 4, 9 || 0.16270456172337427, 0.1626870748080399, 1.7486915334374853e-05
8, 9 || 1, 1, 4, 4, 10 || 0.15692319389671888, 0.15663984518849056, 0.0002833487082283259
10, 3 || 1, 1, 4, 5, 7 || 0.5651042707959746, 0.5649454792196633, 0.00015879157631126795
10, 4 || 1, 1, 4, 5, 7 || 0.5474700699330846, 0.545321849785481, 0.002148220147603519
10, 5 || 1, 1, 4, 5, 7 || 0.5298548766753417, 0.524950483481285, 0.0049043931940566665
10, 6 || 1, 1, 4, 5, 7 || 0.5129168839151488, 0.5125590368687365, 0.00035784704641228515
9, 2 || 1, 1, 4, 5, 8 || 0.3562354503055588, 0.3558460758275749, 0.0003893744779839281
9, 3 || 1, 1, 4, 5, 8 || 0.3455700102973609, 0.34454835799084094, 0.00102165230651996
9, 4 || 1, 1, 4, 5, 8 || 0.33518000442218976, 0.3345398430813789, 0.000640161340810852
9, 5 || 1, 1, 4, 5, 8 || 0.3256399649053068, 0.3252584861273112, 0.00038147877799560304
9, 6 || 1, 1, 4, 5, 8 || 0.3170019254385624, 0.3169617904664727, 4.013497208971151e-05
9, 10 || 1, 1, 4, 5, 8 || 0.387979605522071, 0.38787275227147744, 0.00010685325059356376
8, 9 || 1, 1, 4, 5, 10 || 0.1597872053554567, 0.15960419910940252, 0.00018300624605419036
9, 3 || 1, 1, 4, 6, 7 || 0.364123524191389, 0.36402428605100134, 9.923814038764744e-05
9, 4 || 1, 1, 4, 6, 7 || 0.35220625792984944, 0.34965717368743293, 0.0025490842424165105
9, 5 || 1, 1, 4, 6, 7 || 0.34332786098171486, 0.3431972952788631, 0.00013056570285174818
8, 2 || 1, 1, 4, 6, 8 || 0.28258488917389024, 0.28096817399745394, 0.0016167151764363008
8, 3 || 1, 1, 4, 6, 8 || 0.2751452620359642, 0.27414039177696703, 0.001004870258997148
8, 4 || 1, 1, 4, 6, 8 || 0.26856472412525967, 0.26718405032999193, 0.0013806737952677395
9, 3 || 1, 1, 4, 6, 8 || 0.3581290346266041, 0.3579702430502929, 0.00015879157631121243
9, 4 || 1, 1, 4, 6, 8 || 0.34596289615355713, 0.3438146760059537, 0.002148220147603408
9, 5 || 1, 1, 4, 6, 8 || 0.33519206927720124, 0.3302876760831446, 0.0049043931940566665
9, 6 || 1, 1, 4, 6, 8 || 0.3249754829684508, 0.32461763592203857, 0.00035784704641222964
7, 1 || 1, 1, 4, 6, 9 || 0.1232606628422464, 0.12323651243000425, 2.4150412242157637e-05
7, 8 || 1, 1, 4, 6, 9 || 0.25367540732012417, 0.25285824839755444, 0.0008171589225697273
7, 10 || 1, 1, 4, 6, 9 || 0.17310259207002746, 0.17274732800344894, 0.0003552640665785145
8, 2 || 1, 1, 4, 6, 9 || 0.2779813870907768, 0.27759201261279287, 0.0003893744779839281
8, 3 || 1, 1, 4, 6, 9 || 0.2698243641862922, 0.2688027118797722, 0.00102165230651996
8, 4 || 1, 1, 4, 6, 9 || 0.26198171398932363, 0.2613415526485128, 0.000640161340810852
8, 5 || 1, 1, 4, 6, 9 || 0.25504475454525244, 0.2546632757672568, 0.00038147877799565855
8, 6 || 1, 1, 4, 6, 9 || 0.2485544824741081, 0.24851434750201917, 4.013497208893435e-05
8, 10 || 1, 1, 4, 6, 9 || 0.25189423317773335, 0.25178737992713973, 0.00010685325059361928
6, 9 || 1, 1, 4, 6, 10 || 0.4607854652399622, 0.4607844259318311, 1.0393081311121932e-06
6, 10 || 1, 1, 4, 6, 10 || 0.4177740517694696, 0.417077427492878, 0.000696624276591562
7, 9 || 1, 1, 4, 6, 10 || 0.20673296513030182, 0.20664673261999583, 8.623251030598356e-05
8, 3 || 1, 1, 4, 7, 8 || 0.28837787808032034, 0.28827863993993263, 9.923814038770296e-05
8, 4 || 1, 1, 4, 7, 8 || 0.2790079674969833, 0.2764588832545668, 0.0025490842424165105
8, 5 || 1, 1, 4, 7, 8 || 0.2727326506216605, 0.2726020849188088, 0.00013056570285174818
6, 8 || 1, 1, 4, 7, 9 || 0.4387520680180648, 0.43859085186323216, 0.00016121615483266627
6, 9 || 1, 1, 4, 7, 9 || 0.3998221518271451, 0.3992550073352033, 0.0005671444919417845
6, 10 || 1, 1, 4, 7, 9 || 0.3586599852886827, 0.3564862234882, 0.0021737618004826764
7, 2 || 1, 1, 4, 7, 9 || 0.20114466300963163, 0.19952794783319536, 0.001616715176436273
7, 3 || 1, 1, 4, 7, 9 || 0.19642622294414983, 0.19542135268515265, 0.0010048702589971759
7, 4 || 1, 1, 4, 7, 9 || 0.192600424098892, 0.19121975030362431, 0.001380673795267684
8, 3 || 1, 1, 4, 7, 9 || 0.28238338851553546, 0.2822245969392242, 0.00015879157631126795
8, 4 || 1, 1, 4, 7, 9 || 0.272764605720691, 0.2706163855730876, 0.002148220147603408
8, 5 || 1, 1, 4, 7, 9 || 0.2645968589171469, 0.2596924657230901, 0.0049043931940567775
8, 6 || 1, 1, 4, 7, 9 || 0.2565280400039973, 0.25617019295758503, 0.00035784704641228515
5, 10 || 1, 1, 4, 7, 10 || 0.30741632686680953, 0.3067366949512486, 0.0006796319155609187
6, 8 || 1, 1, 4, 7, 10 || 0.46940275599208575, 0.4685855970695161, 0.0008171589225696718
6, 9 || 1, 1, 4, 7, 10 || 0.4592305132191764, 0.4583384439335203, 0.0008920692856561052
6, 10 || 1, 1, 4, 7, 10 || 0.41821730077708674, 0.41786203671050826, 0.00035526406657848675
7, 2 || 1, 1, 4, 7, 10 || 0.19654116092651824, 0.19615178644853432, 0.0003893744779839281
7, 3 || 1, 1, 4, 7, 10 || 0.19110532509447783, 0.19008367278795787, 0.00102165230651996
7, 4 || 1, 1, 4, 7, 10 || 0.18601741396295593, 0.1853772526221451, 0.0006401613408108242
7, 5 || 1, 1, 4, 7, 10 || 0.1817535601510255, 0.1813720813730299, 0.00038147877799560304
7, 6 || 1, 1, 4, 7, 10 || 0.17919670723837555, 0.1791565722662867, 4.0134972088851084e-05
7, 10 || 1, 1, 4, 7, 10 || 0.20811655314108804, 0.20800969989049445, 0.00010685325059359152
5, 8 || 1, 1, 4, 8, 9 || 0.4021482683523213, 0.40113704122360494, 0.0010112271287163743
7, 3 || 1, 1, 4, 8, 9 || 0.2096588389885059, 0.2095596008481183, 9.923814038759193e-05
7, 4 || 1, 1, 4, 8, 9 || 0.20304366747061564, 0.20049458322819913, 0.0025490842424165105
7, 5 || 1, 1, 4, 8, 9 || 0.19944145622743362, 0.19931089052458187, 0.00013056570285174818
5, 8 || 1, 1, 4, 8, 10 || 0.4445340323364426, 0.44437281618160995, 0.00016121615483266627
5, 9 || 1, 1, 4, 8, 10 || 0.40675221289360053, 0.4061850684016587, 0.00056714449194184
5, 10 || 1, 1, 4, 8, 10 || 0.30767433041366965, 0.305500568613187, 0.0021737618004826764
6, 2 || 1, 1, 4, 8, 10 || 0.3559214178435928, 0.3543047026671565, 0.0016167151764363008
6, 3 || 1, 1, 4, 8, 10 || 0.3462315151609006, 0.34522664490190347, 0.001004870258997148
6, 4 || 1, 1, 4, 8, 10 || 0.337351404320389, 0.3359707305251213, 0.0013806737952677395
7, 3 || 1, 1, 4, 8, 10 || 0.2036643494237211, 0.2035055578474098, 0.0001587915763112957
7, 4 || 1, 1, 4, 8, 10 || 0.19680030569432333, 0.19465208554671992, 0.002148220147603408
7, 5 || 1, 1, 4, 8, 10 || 0.19130566452291997, 0.18640127132886325, 0.004904393194056722
7, 6 || 1, 1, 4, 8, 10 || 0.18717026476826484, 0.18681241772185259, 0.0003578470464122574
4, 8 || 1, 1, 4, 9, 10 || 0.36316802518023533, 0.36215679805151896, 0.0010112271287163743
6, 3 || 1, 1, 4, 9, 10 || 0.3594641312052567, 0.3593648930648691, 9.923814038764744e-05
6, 4 || 1, 1, 4, 9, 10 || 0.34779464769211266, 0.34524556344969615, 0.0025490842424165105
6, 5 || 1, 1, 4, 9, 10 || 0.33912632742196563, 0.3389957617191139, 0.00013056570285174818
8, 4 || 1, 1, 5, 6, 8 || 0.3005423997424004, 0.2995044859184918, 0.001037913823908554
8, 5 || 1, 1, 5, 6, 8 || 0.29067496205004995, 0.2869857740651058, 0.0036891879849441644
8, 6 || 1, 1, 5, 6, 8 || 0.2797733408737611, 0.2753098065964998, 0.004463534277261316
7, 2 || 1, 1, 5, 6, 9 || 0.22465951042718635, 0.2240577090489163, 0.0006018013782700393
6, 9 || 1, 1, 5, 6, 10 || 0.22596649426548526, 0.22590073043986356, 6.576382562170635e-05
6, 10 || 1, 1, 5, 6, 10 || 0.2049711304719012, 0.20408316990048575, 0.0008879605714154359
7, 3 || 1, 1, 5, 7, 8 || 0.2185047279034804, 0.21798146958536208, 0.0005232583181183359
6, 2 || 1, 1, 5, 7, 9 || 0.13405226878783444, 0.1328927163222886, 0.0011595524655458322
7, 4 || 1, 1, 5, 7, 9 || 0.22457809971603276, 0.22354018589212415, 0.0010379138239086094
7, 5 || 1, 1, 5, 7, 9 || 0.21738376765582307, 0.2136945796708789, 0.0036891879849441644
7, 6 || 1, 1, 5, 7, 9 || 0.21041556563802866, 0.2059520313607673, 0.004463534277261344
5, 10 || 1, 1, 5, 7, 10 || 0.4464082663870898, 0.44632038901687887, 8.787737021093145e-05
6, 2 || 1, 1, 5, 7, 10 || 0.15643639423105554, 0.1561934710100623, 0.00024292322099322972
6, 2 || 1, 1, 5, 8, 9 || 0.14774133308641824, 0.14764473236841535, 9.660071800288161e-05
6, 3 || 1, 1, 5, 8, 9 || 0.1423935022149617, 0.14104310864818426, 0.0013503935667774358
4, 9 || 1, 1, 5, 8, 10 || 0.4171711396642319, 0.4171686148451562, 2.5248190756999023e-06
4, 10 || 1, 1, 5, 8, 10 || 0.31476584916420314, 0.3138838601530042, 0.0008819890111989581
5, 2 || 1, 1, 5, 8, 10 || 0.37971203003091425, 0.37781280237088055, 0.0018992276600336977
5, 3 || 1, 1, 5, 8, 10 || 0.37153893004663374, 0.37145334234274435, 8.55877038893893e-05
6, 4 || 1, 1, 5, 8, 10 || 0.15731934407622383, 0.1571484435222853, 0.00017090055393853554
6, 5 || 1, 1, 5, 8, 10 || 0.15156770153118293, 0.14950775760680507, 0.0020599439243778606
6, 6 || 1, 1, 5, 8, 10 || 0.14735948790353248, 0.1447052677162402, 0.0026542201872922777
3, 8 || 1, 1, 5, 9, 10 || 0.3785804549980331, 0.378554383191512, 2.6071806521088536e-05
5, 3 || 1, 1, 5, 9, 10 || 0.3825690528003566, 0.38204579448223824, 0.0005232583181183359
6, 2 || 1, 1, 6, 6, 10 || 0.11985435830429987, 0.1170917968973936, 0.0027625614069062693
6, 3 || 1, 1, 6, 6, 10 || 0.12812202487104885, 0.12578250420675197, 0.002339520664296879
6, 4 || 1, 1, 6, 6, 10 || 0.1366741516407227, 0.1346757220967524, 0.0019984295439702815
6, 5 || 1, 1, 6, 6, 10 || 0.14538886273887888, 0.14369515733542645, 0.001693705403452428
6, 6 || 1, 1, 6, 6, 10 || 0.15461703135586768, 0.15281909359399987, 0.0017979377618678183
6, 4 || 1, 1, 6, 7, 9 || 0.1582022773250729, 0.1571484435222853, 0.0010538338027875904
6, 5 || 1, 1, 6, 7, 9 || 0.1540069063126293, 0.15074186742563542, 0.003265038886993893
6, 6 || 1, 1, 6, 7, 9 || 0.15239316451757026, 0.1523611131718061, 3.2051345764172456e-05
6, 3 || 1, 1, 6, 7, 10 || 0.12249861804365555, 0.11898537861442339, 0.003513239429232165
6, 4 || 1, 1, 6, 7, 10 || 0.1299265801801981, 0.1263402826550386, 0.0035862975251594875
6, 5 || 1, 1, 6, 7, 10 || 0.1383017436025072, 0.1356528393217656, 0.0026489042807415764
6, 6 || 1, 1, 6, 7, 10 || 0.14754866738096611, 0.14516324813843395, 0.0023854192425321608
5, 3 || 1, 1, 6, 8, 9 || 0.15900068251411537, 0.15847742419599703, 0.0005232583181183359
4, 2 || 1, 1, 6, 8, 10 || 0.37789922078447996, 0.3759999931244463, 0.0018992276600336422
4, 3 || 1, 1, 6, 8, 10 || 0.3697638162872418, 0.3696782285833524, 8.55877038893893e-05
5, 4 || 1, 1, 6, 8, 10 || 0.17248319982250998, 0.17153252186283952, 0.0009506779596704651
5, 5 || 1, 1, 6, 8, 10 || 0.16772126613834176, 0.164314278363629, 0.0034069877747127664
5, 6 || 1, 1, 6, 8, 10 || 0.16546860236926528, 0.16543655102350108, 3.205134576420021e-05
6, 6 || 1, 1, 6, 8, 10 || 0.1436601143042023, 0.14235467719581776, 0.001305437108384544
4, 3 || 1, 1, 6, 9, 10 || 0.3807939390409647, 0.3802706807228463, 0.0005232583181183914
6, 5 || 1, 1, 7, 7, 9 || 0.15098357144479815, 0.15098187351900622, 1.6979257919380597e-06
6, 6 || 1, 1, 7, 7, 10 || 0.14366011481313634, 0.14235467719581774, 0.0013054376173186055
1, 2 || 1, 1, 7, 8, 9 || 0.39458501543658936, 0.39440673395692716, 0.0001782814796622012
1, 3 || 1, 1, 7, 8, 9 || 0.3818964428209699, 0.3817383614428687, 0.0001580813781011936
1, 4 || 1, 1, 7, 8, 9 || 0.36904642538899823, 0.3689059963416156, 0.00014042904738265083
1, 5 || 1, 1, 7, 8, 9 || 0.35635049460162604, 0.3562281546768581, 0.00012233992476795574
1, 6 || 1, 1, 7, 8, 9 || 0.3414388609493717, 0.34129605535899477, 0.00014280559037693763
1, 2 || 1, 1, 7, 8, 10 || 0.4085142985569915, 0.40783154141652667, 0.0006827571404648403
1, 3 || 1, 1, 7, 8, 10 || 0.39548376022196197, 0.3948474024198013, 0.0006363578021606475
1, 4 || 1, 1, 7, 8, 10 || 0.3822721150366892, 0.3816787857557201, 0.0005933292809690571
1, 5 || 1, 1, 7, 8, 10 || 0.36915387365686564, 0.36860143605973456, 0.0005524375971310835
1, 6 || 1, 1, 7, 8, 10 || 0.35440550017693173, 0.35387674945628944, 0.0005287507206422903
4, 4 || 1, 1, 7, 8, 10 || 0.17075235331662747, 0.16980167535695695, 0.0009506779596705206
4, 5 || 1, 1, 7, 8, 10 || 0.16604560853258732, 0.16263862075787455, 0.0034069877747127664
4, 6 || 1, 1, 7, 8, 10 || 0.16382430493093053, 0.16379225358516636, 3.2051345764172456e-05
1, 2 || 1, 1, 7, 9, 9 || 0.4090600612289502, 0.4067652582121746, 0.0022948030167756484
1, 3 || 1, 1, 7, 9, 9 || 0.3959759433428114, 0.3936771933005108, 0.002298750042300568
1, 4 || 1, 1, 7, 9, 9 || 0.3827146851092236, 0.38042296221030064, 0.002291722898922932
1, 5 || 1, 1, 7, 9, 9 || 0.3695622940596996, 0.3673054384034637, 0.002256855656235901
1, 6 || 1, 1, 7, 9, 9 || 0.3546279707226752, 0.3521729353614909, 0.002455035361184299
3, 3 || 1, 1, 7, 9, 10 || 0.3827692944095782, 0.38224603609145985, 0.0005232583181183359
1, 7 || 1, 1, 8, 9, 9 || 0.5052352611630164, 0.5052297909432844, 5.470219732073289e-06
1, 7 || 1, 1, 8, 9, 10 || 0.5083877099458634, 0.5081956512912117, 0.00019205865465166116
8, 7 || 1, 1, 9, 10, 10 || 0.29300747970049434, 0.29178916882629774, 0.0012183108741966042
10, 3 || 1, 2, 2, 5, 7 || 0.3398722495311054, 0.33975086611592786, 0.00012138341517753393
10, 7 || 1, 2, 2, 5, 8 || 0.4677651535733052, 0.46735917425586626, 0.00040597931743896476
10, 7 || 1, 2, 2, 5, 9 || 0.48888973153168136, 0.4886979630071279, 0.0001917685245534373
9, 3 || 1, 2, 2, 6, 8 || 0.29227672401798044, 0.29215534060280296, 0.00012138341517747842
10, 2 || 1, 2, 2, 6, 8 || 0.37996938496769583, 0.3799688226970202, 5.622706756303053e-07
9, 7 || 1, 2, 2, 6, 9 || 0.44244624770379215, 0.4420402683863532, 0.00040597931743896476
9, 7 || 1, 2, 2, 6, 10 || 0.4635708256621683, 0.4633790571376148, 0.0001917685245534928
7, 7 || 1, 2, 2, 7, 8 || 0.3233836040063406, 0.32245019212229087, 0.0009334118840497174
10, 2 || 1, 2, 2, 7, 8 || 0.3979143244403065, 0.3979021988611199, 1.2125579186617053e-05
10, 3 || 1, 2, 2, 7, 8 || 0.38794838898938155, 0.3874697553617126, 0.00047863362766897843
6, 7 || 1, 2, 2, 7, 9 || 0.31102021601414775, 0.3097356956467989, 0.0012845203673488292
9, 2 || 1, 2, 2, 7, 9 || 0.33090986253625393, 0.3309093002655783, 5.622706756303053e-07
10, 3 || 1, 2, 2, 7, 9 || 0.41173575094445103, 0.41155670245987985, 0.00017904848457117595
5, 7 || 1, 2, 2, 7, 10 || 0.3385888056078612, 0.33663267363088734, 0.0019561319769738628
6, 7 || 1, 2, 2, 8, 9 || 0.3060519779929278, 0.30511856610887816, 0.0009334118840496619
9, 2 || 1, 2, 2, 8, 9 || 0.34885480200886454, 0.348842676429678, 1.2125579186561541e-05
9, 3 || 1, 2, 2, 8, 9 || 0.3403528634762566, 0.3398742298485877, 0.0004786336276689229
5, 7 || 1, 2, 2, 8, 10 || 0.33294490064970617, 0.33166038028235734, 0.0012845203673488292
7, 3 || 1, 2, 2, 8, 10 || 0.30444246012739584, 0.30432107671221836, 0.00012138341517747842
9, 3 || 1, 2, 2, 8, 10 || 0.3641402254313262, 0.363961176946755, 0.00017904848457117595
10, 2 || 1, 2, 2, 8, 10 || 0.46135137595852654, 0.4608358489238821, 0.0005155270346444696
5, 7 || 1, 2, 2, 9, 10 || 0.3279766626284862, 0.3270432507444365, 0.0009334118840496619
8, 2 || 1, 2, 2, 9, 10 || 0.3744095618970883, 0.3743974363179017, 1.2125579186617053e-05
8, 3 || 1, 2, 2, 9, 10 || 0.3633091259027047, 0.3628304922750358, 0.0004786336276689229
10, 2 || 1, 2, 2, 9, 10 || 0.4718806861462527, 0.46069287948860216, 0.011187806657650567
10, 3 || 1, 2, 2, 9, 10 || 0.46768778530408045, 0.4580809295503553, 0.009606855753725163
10, 4 || 1, 2, 2, 9, 10 || 0.4641510953238741, 0.45607688193630425, 0.008074213387569862
10, 5 || 1, 2, 2, 9, 10 || 0.46187178701209464, 0.4569528523403056, 0.004918934671789055
10, 6 || 1, 2, 2, 9, 10 || 0.461673491111714, 0.461518150424054, 0.00015534068766004383
9, 10 || 1, 2, 3, 3, 10 || 0.29595742724772595, 0.2959410010253153, 1.6426222410659275e-05
10, 4 || 1, 2, 3, 5, 7 || 0.35915089269639006, 0.35914989132163855, 1.0013747515080773e-06
10, 5 || 1, 2, 3, 5, 7 || 0.34840952786571777, 0.34681275296194347, 0.0015967749037743006
10, 2 || 1, 2, 3, 5, 8 || 0.38830841292874907, 0.3872815734220888, 0.001026839506660271
10, 9 || 1, 2, 3, 5, 9 || 0.4084836014784715, 0.40848340703606656, 1.9444240495491982e-07
9, 7 || 1, 2, 3, 5, 10 || 0.4221965586151183, 0.42213194154334677, 6.46170717715222e-05
9, 10 || 1, 2, 3, 5, 10 || 0.2986514733164925, 0.29834214918113033, 0.00030932413536216563
10, 1 || 1, 2, 3, 5, 10 || 0.3538306605171442, 0.35372617018059677, 0.00010449033654741369
10, 8 || 1, 2, 3, 5, 10 || 0.5200982097714741, 0.5200834052166261, 1.4804554848035778e-05
9, 2 || 1, 2, 3, 6, 7 || 0.3083811957785067, 0.30803473731377196, 0.0003464584647347446
9, 3 || 1, 2, 3, 6, 7 || 0.3004001355138892, 0.29835197131019797, 0.0020481642036912495
9, 4 || 1, 2, 3, 6, 7 || 0.2940590459541956, 0.2934404728420806, 0.0006185731121149951
9, 4 || 1, 2, 3, 6, 8 || 0.31305968736854006, 0.3130586859937885, 1.0013747515635885e-06
9, 5 || 1, 2, 3, 6, 8 || 0.30386697442819777, 0.3022701995244235, 0.0015967749037742451
10, 2 || 1, 2, 3, 6, 8 || 0.41456032738538307, 0.41447806803736215, 8.225934802091883e-05
9, 2 || 1, 2, 3, 6, 9 || 0.3392488904973071, 0.33822205099064684, 0.001026839506660271
10, 4 || 1, 2, 3, 6, 9 || 0.4003448136218949, 0.4000803814403067, 0.00026443218158817006
9, 9 || 1, 2, 3, 6, 10 || 0.37209012137772723, 0.37203908085913273, 5.104051859450287e-05
7, 1 || 1, 2, 3, 7, 8 || 0.23193015580793255, 0.23169820476093855, 0.00023195104699400004
8, 2 || 1, 2, 3, 7, 8 || 0.25698928356325523, 0.25664282509852054, 0.0003464584647346891
8, 3 || 1, 2, 3, 7, 8 || 0.25062843108007365, 0.2485802668763824, 0.0020481642036912495
8, 4 || 1, 2, 3, 7, 8 || 0.2459370994058, 0.245318526293685, 0.0006185731121149951
10, 6 || 1, 2, 3, 7, 8 || 0.38366342732813535, 0.3836605144440388, 2.9128840965397806e-06
6, 1 || 1, 2, 3, 7, 9 || 0.23519875075428365, 0.23483499436496907, 0.00036375638931457344
6, 8 || 1, 2, 3, 7, 9 || 0.3815416105830407, 0.3799216681575517, 0.0016199424254890182
8, 4 || 1, 2, 3, 7, 9 || 0.26493774082014443, 0.2649367394453929, 1.0013747515080773e-06
8, 5 || 1, 2, 3, 7, 9 || 0.2574337308887905, 0.2558369559850163, 0.0015967749037741896
9, 2 || 1, 2, 3, 7, 9 || 0.3655008049539411, 0.3654185456059202, 8.225934802091883e-05
5, 8 || 1, 2, 3, 7, 10 || 0.34165188838612887, 0.34144615570623155, 0.00020573267989731914
8, 2 || 1, 2, 3, 7, 10 || 0.28785697828205575, 0.2868301387753954, 0.0010268395066603264
9, 4 || 1, 2, 3, 7, 10 || 0.3542536082940449, 0.35398917611245667, 0.00026443218158822557
10, 5 || 1, 2, 3, 7, 10 || 0.46369055643350754, 0.46338100332310717, 0.0003095531104003735
6, 1 || 1, 2, 3, 8, 9 || 0.23275944950052477, 0.2325274984535308, 0.0002319510469939723
6, 7 || 1, 2, 3, 8, 9 || 0.38526953157716903, 0.3852694409344646, 9.064270445335865e-08
6, 8 || 1, 2, 3, 8, 9 || 0.3805756891533375, 0.379012920190804, 0.0015627689625334895
7, 3 || 1, 2, 3, 8, 9 || 0.26117004695087387, 0.26019111917232396, 0.0009789277785499095
7, 4 || 1, 2, 3, 8, 9 || 0.2554651033034214, 0.2553649554164579, 0.00010014788696355303
9, 6 || 1, 2, 3, 8, 9 || 0.3404593514085771, 0.3404564385244806, 2.9128840964842695e-06
10, 5 || 1, 2, 3, 8, 9 || 0.41038857718878785, 0.4100745634321988, 0.00031401375658907105
10, 6 || 1, 2, 3, 8, 9 || 0.4040167244772186, 0.4040167187312131, 5.746005504736473e-09
5, 1 || 1, 2, 3, 8, 10 || 0.18559390299945167, 0.18523014661013706, 0.0003637563893146012
5, 8 || 1, 2, 3, 8, 10 || 0.3354656946803956, 0.3338457522549066, 0.0016199424254890182
7, 4 || 1, 2, 3, 8, 10 || 0.2988934211719019, 0.2988924197971504, 1.0013747514525662e-06
7, 5 || 1, 2, 3, 8, 10 || 0.2901754031533036, 0.28857862824952935, 0.0015967749037742451
8, 2 || 1, 2, 3, 8, 10 || 0.3141088927386896, 0.3140266333906687, 8.225934802086332e-05
10, 5 || 1, 2, 3, 8, 10 || 0.4623857196489129, 0.4621555560348469, 0.0002301636140659702
5, 1 || 1, 2, 3, 9, 10 || 0.18315460174569276, 0.18292265069869879, 0.0002319510469939723
5, 7 || 1, 2, 3, 9, 10 || 0.4180916397368618, 0.41809154909415736, 9.064270445335865e-08
5, 8 || 1, 2, 3, 9, 10 || 0.3344997732506924, 0.332937004288159, 0.001562768962533434
6, 2 || 1, 2, 3, 9, 10 || 0.32208458803784457, 0.3217381295731098, 0.0003464584647347446
6, 3 || 1, 2, 3, 9, 10 || 0.31350852338350477, 0.3114603591798135, 0.0020481642036912495
6, 4 || 1, 2, 3, 9, 10 || 0.3066228041584934, 0.3060042310463784, 0.0006185731121149951
8, 6 || 1, 2, 3, 9, 10 || 0.29543461094646084, 0.29543169806236425, 2.912884096595292e-06
9, 5 || 1, 2, 3, 9, 10 || 0.36584602375126785, 0.3655320099946788, 0.00031401375658907105
9, 6 || 1, 2, 3, 9, 10 || 0.3608126485576603, 0.36081264281165487, 5.746005449225322e-09
10, 10 || 1, 2, 4, 4, 8 || 0.3742844258993916, 0.37333368470745637, 0.0009507411919352227
9, 9 || 1, 2, 4, 4, 9 || 0.3489105090682267, 0.34789531394771717, 0.0010151951205095155
10, 3 || 1, 2, 4, 5, 7 || 0.40452084123169024, 0.40445343948638157, 6.74017453086706e-05
10, 4 || 1, 2, 4, 5, 7 || 0.39086742803728947, 0.39053093342727735, 0.0003364946100121169
10, 5 || 1, 2, 4, 5, 7 || 0.37777653182263093, 0.3771263476943644, 0.0006501841282665066
10, 6 || 1, 2, 4, 5, 7 || 0.3638963080991546, 0.3620185882394884, 0.0018777198596661715
9, 6 || 1, 2, 4, 5, 8 || 0.3077785658491956, 0.30733074413658135, 0.0004478217126142603
9, 10 || 1, 2, 4, 5, 9 || 0.2837366640420941, 0.28362949448212493, 0.00010716955996914468
8, 9 || 1, 2, 4, 5, 10 || 0.25536249110497256, 0.2549939948951533, 0.000368496209819269
8, 10 || 1, 2, 4, 5, 10 || 0.218130901036802, 0.2179701513102786, 0.00016074972652338482
9, 4 || 1, 2, 4, 6, 7 || 0.3248114803625151, 0.3234720917802507, 0.0013393885822644003
9, 5 || 1, 2, 4, 6, 7 || 0.3145711725500429, 0.31402948035549233, 0.0005416921945505804
9, 6 || 1, 2, 4, 6, 7 || 0.30439193901562145, 0.30369443169878285, 0.000697507316838597
8, 4 || 1, 2, 4, 6, 8 || 0.26066133281296333, 0.2603313599787288, 0.0003299728342345265
8, 5 || 1, 2, 4, 6, 8 || 0.2530884702571619, 0.25143649186515293, 0.0016519783920089792
8, 6 || 1, 2, 4, 6, 8 || 0.245716659751255, 0.24468642477423627, 0.0010302349770187347
9, 3 || 1, 2, 4, 6, 8 || 0.3569253157185654, 0.35685791397325667, 6.740174530872611e-05
9, 4 || 1, 2, 4, 6, 8 || 0.3447762227094394, 0.34443972809942736, 0.0003364946100120614
9, 5 || 1, 2, 4, 6, 8 || 0.3332339783851108, 0.33258379425684437, 0.0006501841282664511
9, 6 || 1, 2, 4, 6, 8 || 0.3206922321795963, 0.3188145123199302, 0.001877719859666116
8, 6 || 1, 2, 4, 6, 9 || 0.26275382538707925, 0.262306003674465, 0.0004478217126142603
10, 3 || 1, 2, 4, 6, 10 || 0.4898760627307055, 0.4898493560848898, 2.6706645815721686e-05
10, 5 || 1, 2, 4, 6, 10 || 0.47957910309220414, 0.47901047321478935, 0.0005686298774147946
7, 9 || 1, 2, 4, 7, 8 || 0.2257841546863318, 0.22285214784422896, 0.0029320068421028467
7, 10 || 1, 2, 4, 7, 8 || 0.1689935036448834, 0.16898323289765083, 1.0270747232588029e-05
8, 4 || 1, 2, 4, 7, 8 || 0.2766895338141196, 0.2753501452318552, 0.0013393885822644003
8, 5 || 1, 2, 4, 7, 8 || 0.2681379290106356, 0.2675962368160851, 0.0005416921945505249
8, 6 || 1, 2, 4, 7, 8 || 0.25936719855350526, 0.2586696912366665, 0.0006975073168387635
6, 8 || 1, 2, 4, 7, 9 || 0.39600285309850897, 0.39498484347262863, 0.001018009625880334
6, 9 || 1, 2, 4, 7, 9 || 0.338814822752296, 0.3372039270651526, 0.0016108956871433988
6, 10 || 1, 2, 4, 7, 9 || 0.2736479768883529, 0.2730843275538666, 0.0005636493344863269
7, 4 || 1, 2, 4, 7, 9 || 0.21064869616268067, 0.2103187233284461, 0.000329972834234582
7, 5 || 1, 2, 4, 7, 9 || 0.20483456217519666, 0.20318258378318768, 0.0016519783920089792
7, 6 || 1, 2, 4, 7, 9 || 0.1997815870178597, 0.19875135204084093, 0.0010302349770187624
8, 3 || 1, 2, 4, 7, 9 || 0.3071536112847498, 0.30708620953944105, 6.740174530872611e-05
8, 4 || 1, 2, 4, 7, 9 || 0.2966542761610439, 0.2963177815510317, 0.0003364946100121724
8, 5 || 1, 2, 4, 7, 9 || 0.2868007348457037, 0.28615055071743717, 0.0006501841282665066
8, 6 || 1, 2, 4, 7, 9 || 0.27566749171748006, 0.27378977185781384, 0.001877719859666227
5, 9 || 1, 2, 4, 7, 10 || 0.3569792418865705, 0.3568699235750448, 0.00010931831152566351
5, 10 || 1, 2, 4, 7, 10 || 0.2798083880041834, 0.2798023249372341, 6.063066949280049e-06
7, 2 || 1, 2, 4, 7, 10 || 0.25037835739990494, 0.24971987758447647, 0.0006584798154284643
5, 1 || 1, 2, 4, 8, 9 || 0.22799366339555607, 0.22773068088772916, 0.00026298250782691435
5, 8 || 1, 2, 4, 8, 9 || 0.3588772162206857, 0.35707232456506377, 0.0018048916556219208
6, 10 || 1, 2, 4, 8, 9 || 0.28136011769122726, 0.28130239171084964, 5.772598037762089e-05
7, 4 || 1, 2, 4, 8, 9 || 0.2266768971638368, 0.22533750858157245, 0.0013393885822643448
7, 5 || 1, 2, 4, 8, 9 || 0.2198840209286704, 0.21934232873411985, 0.0005416921945505526
7, 6 || 1, 2, 4, 8, 9 || 0.21343212582010979, 0.2127346185032712, 0.000697507316838597
4, 8 || 1, 2, 4, 8, 10 || 0.31997277620116693, 0.3198487971836612, 0.00012397901750571538
5, 8 || 1, 2, 4, 8, 10 || 0.4092026356932069, 0.40818462606732653, 0.0010180096258803895
5, 9 || 1, 2, 4, 8, 10 || 0.35572491595721567, 0.3541140202700727, 0.0016108956871429547
5, 10 || 1, 2, 4, 8, 10 || 0.2803659742717204, 0.2798023249372341, 0.0005636493344862714
6, 4 || 1, 2, 4, 8, 10 || 0.29552734543599984, 0.29519737260176526, 0.000329972834234582
6, 5 || 1, 2, 4, 8, 10 || 0.28674047479295395, 0.285088496400945, 0.0016519783920089237
6, 6 || 1, 2, 4, 8, 10 || 0.2783472997587435, 0.2773170647817247, 0.001030234977018818
7, 5 || 1, 2, 4, 8, 10 || 0.23854682676373834, 0.23789664263547194, 0.0006501841282663956
7, 6 || 1, 2, 4, 8, 10 || 0.22973241898408467, 0.22785469912441855, 0.001877719859666116
4, 1 || 1, 2, 4, 9, 10 || 0.18341053656939743, 0.18314755406157052, 0.00026298250782691435
4, 8 || 1, 2, 4, 9, 10 || 0.31799154866008716, 0.3161866570044652, 0.0018048916556219763
5, 10 || 1, 2, 4, 9, 10 || 0.2880781150745947, 0.2880203890942171, 5.772598037756538e-05
6, 4 || 1, 2, 4, 9, 10 || 0.311555546437156, 0.31021615785489165, 0.0013393885822643448
6, 5 || 1, 2, 4, 9, 10 || 0.3017899335464277, 0.3012482413518771, 0.0005416921945505804
6, 6 || 1, 2, 4, 9, 10 || 0.2919978385609936, 0.291300331244155, 0.000697507316838597
7, 8 || 1, 2, 5, 5, 10 || 0.22298519965324615, 0.222047315382932, 0.0009378842703141599
7, 10 || 1, 2, 5, 5, 10 || 0.15839363387102398, 0.15811587200815191, 0.00027776186287206683
8, 3 || 1, 2, 5, 6, 8 || 0.30304926689722167, 0.30245153076051967, 0.0005977361367019984
8, 4 || 1, 2, 5, 6, 8 || 0.2928987839922799, 0.2917124020843676, 0.001186381907912315
8, 5 || 1, 2, 5, 6, 8 || 0.2832883199339129, 0.28175008659757383, 0.0015382333363390677
8, 6 || 1, 2, 5, 6, 8 || 0.27237363442180346, 0.2699618491300309, 0.00241178529177255
7, 4 || 1, 2, 5, 6, 9 || 0.23336613556716806, 0.2333643259923711, 1.8095747969515408e-06
7, 5 || 1, 2, 5, 6, 9 || 0.22575467479988415, 0.2254538605019477, 0.0003008142979364359
7, 9 || 1, 2, 5, 6, 10 || 0.20477967626561583, 0.20366795424706707, 0.0011117220185487553
10, 6 || 1, 2, 5, 6, 10 || 0.49160428781580845, 0.4916037753345814, 5.124812270662638e-07
1, 10 || 1, 2, 5, 7, 8 || 0.38426230876133066, 0.38406231463875584, 0.0001999941225748203
7, 3 || 1, 2, 5, 7, 8 || 0.21414436666032743, 0.21384325406681276, 0.0003011125935146741
7, 4 || 1, 2, 5, 7, 8 || 0.20877450473826156, 0.2080540221588199, 0.0007204825794416558
6, 2 || 1, 2, 5, 7, 9 || 0.17041417002178338, 0.17002231378689267, 0.00039185623489071397
6, 3 || 1, 2, 5, 7, 9 || 0.16681506918911215, 0.16611139825817062, 0.0007036709309415357
7, 3 || 1, 2, 5, 7, 9 || 0.2512468212428606, 0.25064908510615863, 0.0005977361367019429
7, 4 || 1, 2, 5, 7, 9 || 0.24288614734199718, 0.2416997654340849, 0.0011863819079122873
7, 5 || 1, 2, 5, 7, 9 || 0.23503441185194768, 0.23349617851560858, 0.0015382333363390954
7, 6 || 1, 2, 5, 7, 9 || 0.22643856168840815, 0.2240267763966356, 0.00241178529177255
5, 8 || 1, 2, 5, 7, 10 || 0.39792201888874135, 0.39791585872136287, 6.160167378477244e-06
5, 9 || 1, 2, 5, 7, 10 || 0.3752261203144901, 0.3750730869020086, 0.00015303341248151803
5, 10 || 1, 2, 5, 7, 10 || 0.3254622190781842, 0.3246601086694525, 0.0008021104087316822
6, 4 || 1, 2, 5, 7, 10 || 0.20892002171665996, 0.20891821214186296, 1.809574797007052e-06
6, 5 || 1, 2, 5, 7, 10 || 0.20208288689454101, 0.20178207259660458, 0.0003008142979364359
6, 3 || 1, 2, 5, 8, 9 || 0.17969159654610564, 0.1796909440694206, 6.524766850424246e-07
6, 4 || 1, 2, 5, 8, 9 || 0.1754707501603846, 0.17510907589482994, 0.00036167426555466786
4, 8 || 1, 2, 5, 8, 10 || 0.3941883875153115, 0.39418767099608115, 7.165192303371093e-07
4, 9 || 1, 2, 5, 8, 10 || 0.35180175278881376, 0.35160969851045754, 0.00019205427835622402
4, 10 || 1, 2, 5, 8, 10 || 0.27400577926800895, 0.2723554546006038, 0.0016503246674051675
5, 2 || 1, 2, 5, 8, 10 || 0.2856637014265088, 0.28427081518021874, 0.0013928862462900815
5, 3 || 1, 2, 5, 8, 10 || 0.27722051675616516, 0.27555180344500163, 0.0016687133111635277
5, 4 || 1, 2, 5, 8, 10 || 0.271262693948914, 0.2711955275879355, 6.716636097847672e-05
6, 3 || 1, 2, 5, 8, 10 || 0.22731589362170568, 0.2267181574850037, 0.0005977361367019707
6, 4 || 1, 2, 5, 8, 10 || 0.21844003349148905, 0.21725365158357676, 0.0011863819079122873
6, 5 || 1, 2, 5, 8, 10 || 0.21136262394660454, 0.20982439061026548, 0.0015382333363390677
6, 6 || 1, 2, 5, 8, 10 || 0.20347102532171052, 0.20105924002993794, 0.002411785291772578
3, 8 || 1, 2, 5, 9, 10 || 0.3291762872352393, 0.32877859125518405, 0.0003976959800552349
5, 3 || 1, 2, 5, 9, 10 || 0.28999116420148197, 0.28969005160796735, 0.0003011125935146186
5, 4 || 1, 2, 5, 9, 10 || 0.2808873990015257, 0.280166916422084, 0.0007204825794416836
6, 4 || 1, 2, 6, 7, 9 || 0.19268236128794958, 0.19096870927788967, 0.0017136520100599073
6, 5 || 1, 2, 6, 7, 9 || 0.18763978775704587, 0.1862393825550876, 0.0014004052019582769
6, 6 || 1, 2, 6, 7, 9 || 0.18386158841709271, 0.18298449499406963, 0.0008770934230230842
5, 3 || 1, 2, 6, 8, 9 || 0.16874529956689133, 0.16822203798709914, 0.0005232615797921836
6, 6 || 1, 2, 6, 8, 9 || 0.19621005539003256, 0.1962091512304341, 9.041595984693451e-07
4, 2 || 1, 2, 6, 8, 10 || 0.26630011617505356, 0.2644008873562004, 0.0018992288188531825
4, 3 || 1, 2, 6, 8, 10 || 0.2597547408372341, 0.2596691571996237, 8.55836376104091e-05
5, 4 || 1, 2, 6, 8, 10 || 0.19138083663492453, 0.19044351758292102, 0.0009373190520035046
5, 5 || 1, 2, 6, 8, 10 || 0.18556099957202532, 0.18214236252565058, 0.0034186370463747395
5, 6 || 1, 2, 6, 8, 10 || 0.18094181539969337, 0.1791565722662867, 0.0017852431334066665
4, 3 || 1, 2, 6, 9, 10 || 0.27078487091890985, 0.2702616093391177, 0.0005232615797921558
1, 2 || 1, 2, 7, 8, 10 || 0.43901997227531386, 0.4385400324832508, 0.0004799397920630666
1, 3 || 1, 2, 7, 8, 10 || 0.4250476230023585, 0.4245956387459383, 0.00045198425642017925
1, 4 || 1, 2, 7, 8, 10 || 0.41087095277382446, 0.41044508287987425, 0.0004258698939502148
1, 5 || 1, 2, 7, 8, 10 || 0.396738888793867, 0.3963407497893957, 0.00039813900447127626
1, 6 || 1, 2, 7, 8, 10 || 0.38135906522036117, 0.3809386131091, 0.00042045211126118254
4, 4 || 1, 2, 7, 8, 10 || 0.1724832054180891, 0.17153252186283952, 0.0009506835552495763
4, 5 || 1, 2, 7, 8, 10 || 0.16772126561256506, 0.164314278363629, 0.0034069872489360664
4, 6 || 1, 2, 7, 8, 10 || 0.16546860203194172, 0.1654365510235011, 3.205100844061448e-05
3, 3 || 1, 2, 7, 9, 10 || 0.2690097571595179, 0.26848649557972576, 0.0005232615797921558
10, 1 || 1, 2, 8, 10, 10 || 0.43908528050808593, 0.4389035675228574, 0.00018171298522851043
10, 9 || 1, 2, 8, 10, 10 || 0.698670965113962, 0.6986065917527012, 6.437336126075e-05
10, 10 || 1, 2, 9, 10, 10 || 0.5742191206541221, 0.5711728661470278, 0.0030462545070942815
10, 3 || 1, 3, 3, 4, 8 || 0.38460106479255535, 0.384136411419167, 0.0004646533733883573
10, 6 || 1, 3, 3, 5, 7 || 0.36338333708259274, 0.36292892051076747, 0.00045441657182526685
9, 3 || 1, 3, 3, 5, 9 || 0.33700553927943044, 0.33654088590604203, 0.00046465337338841284
10, 10 || 1, 3, 3, 5, 9 || 0.40014596297935473, 0.4000967419611791, 4.922101817561586e-05
10, 10 || 1, 3, 3, 5, 10 || 0.44550775376080065, 0.445458532742625, 4.922101817567137e-05
9, 6 || 1, 3, 3, 6, 7 || 0.3044533016088711, 0.30399787578920917, 0.0004554258196619032
8, 5 || 1, 3, 3, 6, 8 || 0.2484239843062367, 0.24824980410699493, 0.00017418019924175798
9, 6 || 1, 3, 3, 6, 8 || 0.32017926116303447, 0.3197248445912092, 0.00045441657182526685
8, 3 || 1, 3, 3, 6, 10 || 0.2872338348456148, 0.28676918147222646, 0.0004646533733883573
7, 9 || 1, 3, 3, 7, 8 || 0.3260325196816881, 0.3258328000111529, 0.00019971967053522555
7, 10 || 1, 3, 3, 7, 8 || 0.31468591614040886, 0.31363810449577556, 0.0010478116446333008
8, 6 || 1, 3, 3, 7, 8 || 0.2594285611467547, 0.2589731353270929, 0.0004554258196618477
6, 9 || 1, 3, 3, 7, 9 || 0.33799183241650255, 0.33799171274337525, 1.1967312729677104e-07
7, 5 || 1, 3, 3, 7, 9 || 0.2793099792485271, 0.2791357990492853, 0.00017418019924175798
8, 6 || 1, 3, 3, 7, 9 || 0.27515452070091817, 0.2747001041290929, 0.00045441657182526685
5, 9 || 1, 3, 3, 7, 10 || 0.32170803430015693, 0.32164126923132375, 6.676506883318556e-05
5, 10 || 1, 3, 3, 7, 10 || 0.249429696279233, 0.24890422868869538, 0.0005254675905376205
6, 9 || 1, 3, 3, 8, 9 || 0.34258103006110874, 0.3423813103905734, 0.00019971967053533657
6, 10 || 1, 3, 3, 8, 9 || 0.27266995435086083, 0.2716221427062274, 0.0010478116446334118
7, 6 || 1, 3, 3, 8, 9 || 0.2902385366116852, 0.2897831107920233, 0.0004554258196619032
10, 5 || 1, 3, 3, 8, 9 || 0.44616820986008454, 0.445417348120453, 0.0007508617396315143
4, 7 || 1, 3, 3, 8, 10 || 0.34640961935842174, 0.34640647269372893, 3.1466646928102193e-06
5, 9 || 1, 3, 3, 8, 10 || 0.317665937871884, 0.3176658181987567, 1.1967312729677104e-07
6, 5 || 1, 3, 3, 8, 10 || 0.28302133389297235, 0.2828471536937306, 0.00017418019924175798
7, 6 || 1, 3, 3, 8, 10 || 0.3289320325325463, 0.328477615960721, 0.00045441657182532236
10, 5 || 1, 3, 3, 8, 10 || 0.47033017668073174, 0.46957931494110017, 0.0007508617396315698
5, 9 || 1, 3, 3, 9, 10 || 0.3222551355164902, 0.322055415845955, 0.00019971967053522555
5, 10 || 1, 3, 3, 9, 10 || 0.2522699389189064, 0.251222127274273, 0.0010478116446334118
6, 6 || 1, 3, 3, 9, 10 || 0.2929695334255222, 0.29251410760586033, 0.0004554258196618477
9, 5 || 1, 3, 3, 9, 10 || 0.4016256564225645, 0.40087479468293297, 0.0007508617396315143
9, 1 || 1, 3, 4, 4, 9 || 0.25587365702562404, 0.25533579313706334, 0.0005378638885606968
9, 8 || 1, 3, 4, 4, 9 || 0.3523631045883767, 0.3519261500090072, 0.00043695457936954174
8, 8 || 1, 3, 4, 4, 10 || 0.31282188235145364, 0.31121887381451163, 0.0016030085369420077
10, 5 || 1, 3, 4, 5, 8 || 0.38636417474937523, 0.3862627244081973, 0.00010145034117792218
10, 3 || 1, 3, 4, 5, 9 || 0.45497145293330005, 0.45472735940172504, 0.00024409353157500702
8, 1 || 1, 3, 4, 5, 10 || 0.19872439835830719, 0.198545888081626, 0.00017851027668119857
8, 8 || 1, 3, 4, 5, 10 || 0.31172330396975567, 0.31050153827526855, 0.0012217656944871202
8, 10 || 1, 3, 4, 5, 10 || 0.21716896457390175, 0.21699839426818493, 0.00017057030571682175
9, 7 || 1, 3, 4, 5, 10 || 0.49251113877773167, 0.49246853222612486, 4.260655160681637e-05
9, 8 || 1, 3, 4, 5, 10 || 0.4643249071144615, 0.4638348890960025, 0.0004900180184589931
10, 3 || 1, 3, 4, 5, 10 || 0.4809453946105532, 0.48070130107897807, 0.00024409353157511804
9, 5 || 1, 3, 4, 6, 7 || 0.34622074951020215, 0.34620025660812814, 2.0492902074009667e-05
7, 6 || 1, 3, 4, 6, 9 || 0.21581404137976232, 0.21580393100498826, 1.0110374774052744e-05
9, 4 || 1, 3, 4, 6, 9 || 0.3364262082078415, 0.33619788827976266, 0.00022831992807886836
9, 2 || 1, 3, 4, 6, 10 || 0.40513266277827503, 0.40374680271572916, 0.001385860062545874
9, 9 || 1, 3, 4, 6, 10 || 0.43816799120194494, 0.43814721176350724, 2.077943843770136e-05
7, 2 || 1, 3, 4, 7, 8 || 0.20990441063545107, 0.20965668352854067, 0.00024772710691040034
7, 3 || 1, 3, 4, 7, 8 || 0.205844165586573, 0.20464671982751942, 0.0011974457590535892
7, 4 || 1, 3, 4, 7, 8 || 0.20363278762469225, 0.20346626518679317, 0.0001665224378990804
7, 9 || 1, 3, 4, 7, 8 || 0.2667376937568366, 0.2662544875679175, 0.0004832061889191164
7, 10 || 1, 3, 4, 7, 8 || 0.22752185615879916, 0.2269132247986752, 0.0006086313601239568
8, 5 || 1, 3, 4, 7, 8 || 0.29978750597079495, 0.29976701306872094, 2.0492902074009667e-05
7, 6 || 1, 3, 4, 7, 10 || 0.2542832866846786, 0.25298121572155435, 0.0013020709631242355
8, 4 || 1, 3, 4, 7, 10 || 0.2883042616594459, 0.2880759417313671, 0.00022831992807881285
5, 1 || 1, 3, 4, 8, 9 || 0.2059456861740252, 0.205107431051318, 0.0008382551227071877
5, 8 || 1, 3, 4, 8, 9 || 0.36105876557580063, 0.3590831493193141, 0.001975616256486512
6, 2 || 1, 3, 4, 8, 9 || 0.31278405575985097, 0.3125021811655831, 0.0002818745942678724
6, 3 || 1, 3, 4, 8, 9 || 0.30595047221958127, 0.30475302646052727, 0.0011974457590540055
6, 4 || 1, 3, 4, 8, 9 || 0.3003318468571229, 0.30016532441922383, 0.00016652243789905263
7, 4 || 1, 3, 4, 8, 9 || 0.26528144903811635, 0.26527573773346735, 5.711304648992055e-06
4, 8 || 1, 3, 4, 8, 10 || 0.34390317655715397, 0.34304675219137, 0.000856424365783981
7, 6 || 1, 3, 4, 8, 10 || 0.2728983690593847, 0.27094412695698067, 0.0019542421024040246
4, 1 || 1, 3, 4, 9, 10 || 0.19782548267478398, 0.1969872275520768, 0.0008382551227071877
4, 8 || 1, 3, 4, 9, 10 || 0.3426280795173509, 0.3406524632608644, 0.001975616256486512
5, 2 || 1, 3, 4, 9, 10 || 0.2918644379779027, 0.29158256338363475, 0.00028187459426792794
5, 3 || 1, 3, 4, 9, 10 || 0.2837944231983457, 0.282596977439292, 0.0011974457590536725
5, 4 || 1, 3, 4, 9, 10 || 0.2777063975491727, 0.2775398751112737, 0.00016652243789899712
6, 5 || 1, 3, 4, 9, 10 || 0.35665613227629056, 0.3566356393742166, 2.0492902073954156e-05
8, 1 || 1, 3, 5, 5, 9 || 0.18268681508280227, 0.18264292397547038, 4.389110733188373e-05
8, 10 || 1, 3, 5, 5, 9 || 0.19744393834493307, 0.196936231028873, 0.0005077073160600631
7, 8 || 1, 3, 5, 5, 10 || 0.2451798220609525, 0.24453499801877607, 0.0006448240421764451
8, 3 || 1, 3, 5, 6, 9 || 0.249555331184943, 0.24895896192253522, 0.0005963692624077754
7, 2 || 1, 3, 5, 6, 10 || 0.2079954332066688, 0.20790822636464726, 8.720684202154216e-05
7, 3 || 1, 3, 5, 6, 10 || 0.2101500664019254, 0.2096707101128521, 0.0004793562890733072
7, 4 || 1, 3, 5, 6, 10 || 0.21427112603229914, 0.211481411671037, 0.00278971436126213
7, 5 || 1, 3, 5, 6, 10 || 0.21984700161847315, 0.21471052105145577, 0.005136480567017376
7, 10 || 1, 3, 5, 6, 10 || 0.22087025506969632, 0.2183472909024987, 0.0025229641671976333
9, 5 || 1, 3, 5, 6, 10 || 0.414488316965532, 0.4142512509408459, 0.0002370660246860945
9, 6 || 1, 3, 5, 6, 10 || 0.4165584788166951, 0.4164934099619376, 6.506885475748847e-05
9, 9 || 1, 3, 5, 6, 10 || 0.4894578624628945, 0.48945041546662127, 7.446996273252626e-06
7, 3 || 1, 3, 5, 7, 8 || 0.2396198287831623, 0.23948412545546183, 0.0001357033277004649
7, 6 || 1, 3, 5, 7, 8 || 0.22059266174497788, 0.2203904639588371, 0.00020219778614077866
6, 2 || 1, 3, 5, 7, 9 || 0.2152350079784353, 0.21448392035301883, 0.00075108762541648
6, 3 || 1, 3, 5, 7, 9 || 0.2075174979349352, 0.20577486056019442, 0.0017426373747407853
6, 4 || 1, 3, 5, 7, 9 || 0.20121882776204017, 0.19935678399390547, 0.0018620437681347024
6, 5 || 1, 3, 5, 7, 9 || 0.19742180388349803, 0.1949104264047185, 0.002511377478779525
6, 6 || 1, 3, 5, 7, 9 || 0.1946101484517969, 0.1944682631774185, 0.00014188527437838938
6, 10 || 1, 3, 5, 7, 9 || 0.2509111338304856, 0.2508424587737276, 6.867505675800523e-05
10, 3 || 1, 3, 5, 7, 9 || 0.4916403961102691, 0.49086187221932953, 0.0007785238909395753
10, 4 || 1, 3, 5, 7, 9 || 0.4966571524324177, 0.49655220591933297, 0.00010494651308473602
7, 4 || 1, 3, 5, 7, 10 || 0.21585487461377756, 0.21566663778172618, 0.00018823683205138053
7, 5 || 1, 3, 5, 7, 10 || 0.21946221442717578, 0.21742020501885692, 0.0020420094083188622
10, 3 || 1, 3, 5, 7, 10 || 0.5176143377875222, 0.5168358138965827, 0.0007785238909394643
10, 4 || 1, 3, 5, 7, 10 || 0.5217334963168883, 0.5216285498038036, 0.0001049465130846805
6, 3 || 1, 3, 5, 8, 9 || 0.22794195027305325, 0.227806246945349, 0.00013570332770423965
6, 6 || 1, 3, 5, 8, 9 || 0.2086537274259896, 0.20845152963984873, 0.00020219778614086192
4, 8 || 1, 3, 5, 8, 10 || 0.36458602929099426, 0.36402708726976063, 0.0005589420212336327
4, 9 || 1, 3, 5, 8, 10 || 0.310804179912606, 0.30972158570781244, 0.0010825942047935633
4, 10 || 1, 3, 5, 8, 10 || 0.2362925723321893, 0.23397230774220024, 0.002320264589989074
5, 2 || 1, 3, 5, 8, 10 || 0.32897778340213524, 0.3282266957767187, 0.0007510876254165355
5, 3 || 1, 3, 5, 8, 10 || 0.3196814370728793, 0.3179387996981386, 0.0017426373747407298
5, 4 || 1, 3, 5, 8, 10 || 0.31096374424184237, 0.3091017004737077, 0.001862043768134647
5, 5 || 1, 3, 5, 8, 10 || 0.30345467054223796, 0.30094329306345846, 0.0025113774787794974
5, 6 || 1, 3, 5, 8, 10 || 0.29659856369501786, 0.2964566784206394, 0.00014188527437847265
5, 10 || 1, 3, 5, 8, 10 || 0.3626037169965475, 0.36253504193978947, 6.867505675800523e-05
9, 2 || 1, 3, 5, 8, 10 || 0.44940686156969256, 0.44794683639011346, 0.0014600251795791053
9, 3 || 1, 3, 5, 8, 10 || 0.45387810883627944, 0.4524898660871707, 0.001388242749108759
9, 4 || 1, 3, 5, 8, 10 || 0.4591871219191153, 0.45878476910664184, 0.0004023528124734721
3, 8 || 1, 3, 5, 9, 10 || 0.326638486881104, 0.3256012899028037, 0.0010371969783002921
5, 3 || 1, 3, 5, 9, 10 || 0.3401058894109943, 0.3399701860832931, 0.00013570332770118654
5, 6 || 1, 3, 5, 9, 10 || 0.3106421426692104, 0.3104399448830697, 0.00020219778614072315
7, 3 || 1, 3, 6, 6, 9 || 0.19353442989559966, 0.19350847966492896, 2.595023067070157e-05
7, 3 || 1, 3, 6, 6, 10 || 0.2120879121753995, 0.21204598361160287, 4.1928563796617135e-05
7, 4 || 1, 3, 6, 6, 10 || 0.21174013144694018, 0.21158645001003074, 0.00015368143690944192
7, 5 || 1, 3, 6, 6, 10 || 0.21543521068871732, 0.2134749070346331, 0.001960303654084228
10, 8 || 1, 3, 6, 7, 7 || 0.5391634917358127, 0.5390831340284904, 8.03577073222872e-05
6, 3 || 1, 3, 6, 7, 9 || 0.24198499532049944, 0.24192018122416395, 6.481409633549151e-05
6, 4 || 1, 3, 6, 7, 9 || 0.23336109165519828, 0.2316772195824053, 0.001683872072792969
6, 5 || 1, 3, 6, 7, 9 || 0.22589841935836824, 0.22189878645831543, 0.003999632900052813
6, 6 || 1, 3, 6, 7, 9 || 0.21822454591427873, 0.2151970428241356, 0.00302750309014313
7, 6 || 1, 3, 6, 7, 9 || 0.21152405804637886, 0.21152365642812004, 4.016182588162387e-07
10, 4 || 1, 3, 6, 7, 9 || 0.4760295452750565, 0.47597620316253275, 5.334211252372434e-05
5, 2 || 1, 3, 6, 7, 10 || 0.23961061044156656, 0.2393445419777595, 0.0002660684638070565
5, 3 || 1, 3, 6, 7, 10 || 0.23064480463159615, 0.22995237731158039, 0.0006924273200157594
6, 2 || 1, 3, 6, 7, 10 || 0.18667869480293503, 0.18667059990031215, 8.094902622879374e-06
10, 4 || 1, 3, 6, 7, 10 || 0.501105889159527, 0.5010525470470034, 5.3342112523613316e-05
5, 3 || 1, 3, 6, 8, 9 || 0.2028462421450381, 0.20254512955152343, 0.0003011125935146741
5, 4 || 1, 3, 6, 8, 9 || 0.19656895420283976, 0.19584847162339813, 0.0007204825794416281
4, 2 || 1, 3, 6, 8, 10 || 0.28238441840175593, 0.28099153215546585, 0.0013928862462900815
4, 3 || 1, 3, 6, 8, 10 || 0.2759585570156614, 0.2742898437044979, 0.0016687133111635277
4, 4 || 1, 3, 6, 8, 10 || 0.271262693948914, 0.2711955275879355, 6.716636097847672e-05
5, 3 || 1, 3, 6, 8, 10 || 0.24362670905582673, 0.2435618949594912, 6.481409633551927e-05
5, 4 || 1, 3, 6, 8, 10 || 0.2337812450111732, 0.23209737293838023, 0.001683872072792969
5, 5 || 1, 3, 6, 8, 10 || 0.22635358549400775, 0.22235395259395493, 0.003999632900052813
5, 6 || 1, 3, 6, 8, 10 || 0.21867971204991826, 0.2156522089597751, 0.0030275030901431577
9, 3 || 1, 3, 6, 8, 10 || 0.44404487059714426, 0.4432663467062047, 0.0007785238909395753
9, 4 || 1, 3, 6, 8, 10 || 0.4505659471045677, 0.4504610005914829, 0.00010494651308479153
4, 3 || 1, 3, 6, 9, 10 || 0.28872920446097816, 0.28842809186746354, 0.0003011125935146186
4, 4 || 1, 3, 6, 9, 10 || 0.2808873990015257, 0.280166916422084, 0.0007204825794416836
9, 8 || 1, 3, 7, 8, 8 || 0.5114055130093991, 0.5113251553020768, 8.03577073222872e-05
4, 4 || 1, 3, 7, 8, 10 || 0.1913808366349245, 0.19044351758292102, 0.0009373190520034769
4, 5 || 1, 3, 7, 8, 10 || 0.18556099957202532, 0.18214236252565058, 0.0034186370463747395
4, 6 || 1, 3, 7, 8, 10 || 0.18094181539969334, 0.1791565722662867, 0.0017852431334066388
9, 4 || 1, 3, 7, 8, 10 || 0.4299383399472065, 0.4298849978346828, 5.334211252366883e-05
10, 10 || 1, 3, 7, 9, 9 || 0.48938707777728674, 0.4891583475507835, 0.0002287302265032154
3, 3 || 1, 3, 7, 9, 10 || 0.26952291117840604, 0.2689996495986139, 0.0005232615797921558
10, 10 || 1, 3, 7, 9, 10 || 0.5347488694350487, 0.5345201383322293, 0.00022873110281940168
10, 10 || 1, 3, 7, 10, 10 || 0.5801106593401786, 0.5798819291136752, 0.00022873022650338193
8, 8 || 1, 3, 8, 9, 9 || 0.4718132147563584, 0.47173285704903606, 8.035770732234271e-05
10, 8 || 1, 3, 8, 9, 9 || 0.6583438720765897, 0.6572200702222505, 0.0011238018543392458
10, 9 || 1, 3, 8, 9, 9 || 0.5575715993346744, 0.5558625813371626, 0.0017090179975117747
10, 10 || 1, 3, 8, 9, 9 || 0.5046401465482107, 0.5044847671377197, 0.00015537941049093007
10, 8 || 1, 3, 8, 9, 10 || 0.6840571805774921, 0.6829333791120844, 0.0011238014654076922
10, 9 || 1, 3, 8, 9, 10 || 0.6336416934650109, 0.6319326755515008, 0.0017090179135100803
10, 10 || 1, 3, 8, 9, 10 || 0.5500019437431576, 0.5498465579191656, 0.00015538582399199363
9, 10 || 1, 3, 8, 10, 10 || 0.3973736717622119, 0.39715399225608516, 0.00021967950612672427
10, 8 || 1, 3, 8, 10, 10 || 0.7097704898562578, 0.7086466880019184, 0.0011238018543393569
10, 9 || 1, 3, 8, 10, 10 || 0.7097117877633505, 0.7080027697658389, 0.0017090179975116637
10, 10 || 1, 3, 8, 10, 10 || 0.5953637281111024, 0.5952083487006116, 0.00015537941049081905
7, 8 || 1, 3, 9, 10, 10 || 0.42416769453689473, 0.4240909422608347, 7.675227606002144e-05
9, 8 || 1, 3, 9, 10, 10 || 0.6289475132392959, 0.627851627629394, 0.0010958856099019254
9, 9 || 1, 3, 9, 10, 10 || 0.5199129858748036, 0.5182395699578541, 0.0016734159169494722
9, 10 || 1, 3, 9, 10, 10 || 0.4126238574416503, 0.4124804118430214, 0.0001434455986288885
7, 6 || 1, 4, 4, 7, 8 || 0.22085847416988574, 0.22069390804926342, 0.00016456612062232256
6, 3 || 1, 4, 4, 7, 9 || 0.337977281351989, 0.3379736121130694, 3.6692389195902564e-06
8, 4 || 1, 4, 4, 7, 10 || 0.3372752246395637, 0.33695077914735616, 0.00032444549220755903
8, 5 || 1, 4, 4, 7, 10 || 0.3429690873467468, 0.3425508817243688, 0.0004182056223779873
5, 10 || 1, 4, 4, 8, 9 || 0.2943076561118271, 0.29427143778734355, 3.621832448352791e-05
6, 6 || 1, 4, 4, 8, 9 || 0.33205482691825794, 0.3318902607976356, 0.00016456612062232256
5, 3 || 1, 4, 4, 8, 10 || 0.3156473620505954, 0.31564369281167587, 3.6692389195347452e-06
4, 10 || 1, 4, 4, 9, 10 || 0.20772195891323345, 0.20768574058874983, 3.6218324483611175e-05
5, 6 || 1, 4, 4, 9, 10 || 0.3118182873653973, 0.31165372124477503, 0.00016456612062226705
8, 2 || 1, 4, 5, 5, 9 || 0.26556280804125654, 0.25741594308882054, 0.008146864952435995
8, 3 || 1, 4, 5, 5, 9 || 0.26490569468291386, 0.2618036372335506, 0.0031020574493632602
8, 4 || 1, 4, 5, 5, 9 || 0.2665106240920496, 0.2662921141809441, 0.00021850991110550222
7, 8 || 1, 4, 5, 5, 10 || 0.22956982585462776, 0.2292969468874909, 0.00027287896713687476
7, 9 || 1, 4, 5, 5, 10 || 0.19209063050035824, 0.19208614502035815, 4.4854800000937445e-06
7, 10 || 1, 4, 5, 5, 10 || 0.18762120633551907, 0.18757082236803035, 5.038396748871521e-05
8, 5 || 1, 4, 5, 6, 9 || 0.2734393626285322, 0.27115997339028747, 0.0022793892382447223
8, 10 || 1, 4, 5, 6, 9 || 0.2800679768650709, 0.2795014478363658, 0.0005665290287050762
7, 2 || 1, 4, 5, 6, 10 || 0.20650427705574778, 0.20161185031626902, 0.004892426739478761
7, 3 || 1, 4, 5, 6, 10 || 0.20820605654501664, 0.20579025721056768, 0.0024157993344489648
7, 4 || 1, 4, 5, 6, 10 || 0.2122713034249367, 0.21219928975896596, 7.201366597073267e-05
8, 3 || 1, 4, 5, 6, 10 || 0.33068762954890635, 0.33044353601733123, 0.00024409353157511804
7, 3 || 1, 4, 5, 7, 8 || 0.27405658319755055, 0.2739706099916542, 8.597320589637247e-05
10, 6 || 1, 4, 5, 7, 8 || 0.4774445234680774, 0.4769046011774106, 0.0005399222906667944
10, 10 || 1, 4, 5, 7, 8 || 0.4992033468395312, 0.49822037547118436, 0.0009829713683468522
6, 5 || 1, 4, 5, 7, 9 || 0.2417820844920274, 0.24123505243884313, 0.0005470320531842654
6, 6 || 1, 4, 5, 7, 9 || 0.23433422257572042, 0.231227455716562, 0.003106766859158422
10, 6 || 1, 4, 5, 7, 9 || 0.5008672259704146, 0.5003273036797479, 0.0005399222906666834
10, 10 || 1, 4, 5, 7, 9 || 0.498411291467131, 0.49742832009878424, 0.0009829713683467411
7, 4 || 1, 4, 5, 7, 10 || 0.22210177018379443, 0.22192905660957002, 0.00017271357422440903
7, 5 || 1, 4, 5, 7, 10 || 0.2200736290892249, 0.21865581903567965, 0.0014178100535452431
10, 6 || 1, 4, 5, 7, 10 || 0.5242899284727518, 0.523750006182085, 0.0005399222906667944
10, 10 || 1, 4, 5, 7, 10 || 0.5437730822485769, 0.5427901108802301, 0.0009829713683467967
5, 2 || 1, 4, 5, 8, 9 || 0.3388108722764965, 0.33852899768222855, 0.00028187459426792794
5, 3 || 1, 4, 5, 8, 9 || 0.33121607843131223, 0.3300186326722585, 0.001197445759053728
5, 4 || 1, 4, 5, 8, 9 || 0.32481297348729565, 0.3246464510493965, 0.00016652243789916366
6, 2 || 1, 4, 5, 8, 9 || 0.3009313736863884, 0.3009189383522701, 1.2435334118265917e-05
6, 3 || 1, 4, 5, 8, 9 || 0.28630132300385225, 0.2860904942381038, 0.00021082876574846088
9, 5 || 1, 4, 5, 8, 9 || 0.43534324028570065, 0.4327609561042752, 0.002582284181425476
9, 6 || 1, 4, 5, 8, 9 || 0.44216045143586447, 0.44135637071341827, 0.0008040807224461988
5, 5 || 1, 4, 5, 8, 10 || 0.3487602962017109, 0.3482132641485266, 0.0005470320531842932
5, 6 || 1, 4, 5, 8, 10 || 0.33723297009022035, 0.334126203231062, 0.0031067668591583386
9, 5 || 1, 4, 5, 8, 10 || 0.4603805265979623, 0.45779824241653677, 0.0025822841814255315
9, 6 || 1, 4, 5, 8, 10 || 0.46558315393820165, 0.46477907321575546, 0.0008040807224461988
3, 1 || 1, 4, 5, 9, 10 || 0.16012746918451998, 0.1598463276359354, 0.0002811415485845792
3, 8 || 1, 4, 5, 9, 10 || 0.2979539534505169, 0.2965935242918562, 0.001360429158660692
4, 2 || 1, 4, 5, 9, 10 || 0.2885851549531498, 0.28830328035888186, 0.00028187459426792794
4, 3 || 1, 4, 5, 9, 10 || 0.28253246345784283, 0.28133501769878827, 0.0011974457590545606
4, 4 || 1, 4, 5, 9, 10 || 0.2777063975491729, 0.2775398751112737, 0.00016652243789921917
5, 3 || 1, 4, 5, 9, 10 || 0.3994284960422897, 0.39934252283639327, 8.597320589642798e-05
8, 2 || 1, 4, 5, 9, 10 || 0.3810628667853953, 0.37686833445983176, 0.004194532325563549
8, 3 || 1, 4, 5, 9, 10 || 0.38638657368148477, 0.38373415580142267, 0.0026524178800620968
8, 4 || 1, 4, 5, 9, 10 || 0.3924492646059988, 0.3907642749596115, 0.0016849896463873026
8, 5 || 1, 4, 5, 9, 10 || 0.3990931681922304, 0.39792510462216113, 0.0011680635700692665
8, 6 || 1, 4, 5, 9, 10 || 0.405914355522064, 0.4047061976881625, 0.001208157833901491
7, 4 || 1, 4, 6, 6, 9 || 0.20927175990756272, 0.20843421700425174, 0.0008375429033109782
6, 8 || 1, 4, 6, 6, 10 || 0.3080543718974958, 0.30730437079052153, 0.0007500011069742629
7, 4 || 1, 4, 6, 6, 10 || 0.2140325130387524, 0.21344189512264308, 0.000590617916109315
7, 5 || 1, 4, 6, 6, 10 || 0.21474248771959353, 0.21455879900624264, 0.00018368871335089354
9, 10 || 1, 4, 6, 7, 7 || 0.41048095309047045, 0.4103606873556337, 0.00012026573483675529
6, 3 || 1, 4, 6, 7, 9 || 0.2916158463843943, 0.29140729460275716, 0.00020855178163714516
6, 4 || 1, 4, 6, 7, 9 || 0.2816114011088321, 0.2812061703034501, 0.0004052308053820175
6, 5 || 1, 4, 6, 7, 9 || 0.2722087587375662, 0.271548647171264, 0.0006601115663022461
6, 6 || 1, 4, 6, 7, 9 || 0.2620297640411422, 0.26048533913190697, 0.0015444249092352313
5, 6 || 1, 4, 6, 7, 10 || 0.2504197959302378, 0.2503670693554767, 5.272657476107501e-05
6, 3 || 1, 4, 6, 7, 10 || 0.22848581407299703, 0.22848572747457602, 8.659842101743642e-08
6, 4 || 1, 4, 6, 7, 10 || 0.22717612880380506, 0.22701449132017096, 0.00016163748363409725
5, 3 || 1, 4, 6, 8, 9 || 0.25320755648478077, 0.2530718531570803, 0.0001357033277004649
5, 6 || 1, 4, 6, 8, 9 || 0.23162126379268722, 0.2314190660065464, 0.0002021977861408064
8, 8 || 1, 4, 6, 8, 9 || 0.4679297352283338, 0.4671027143137413, 0.0008270209145925245
9, 6 || 1, 4, 6, 8, 9 || 0.4342404475485192, 0.4337005252578524, 0.0005399222906667944
9, 10 || 1, 4, 6, 8, 9 || 0.40847976527663943, 0.40749679390829263, 0.0009829713683467967
4, 2 || 1, 4, 6, 8, 10 || 0.32897778340213524, 0.3282266957767187, 0.0007510876254165355
4, 3 || 1, 4, 6, 8, 10 || 0.3196814370728793, 0.3179387996981386, 0.0017426373747407298
4, 4 || 1, 4, 6, 8, 10 || 0.31096374424184237, 0.3091017004737077, 0.001862043768134647
4, 5 || 1, 4, 6, 8, 10 || 0.303454670542238, 0.30094329306345846, 0.002511377478779553
4, 6 || 1, 4, 6, 8, 10 || 0.29659856369501786, 0.2964566784206394, 0.00014188527437847265
5, 3 || 1, 4, 6, 8, 10 || 0.2943456495800668, 0.2941370977984298, 0.00020855178163703414
5, 4 || 1, 4, 6, 8, 10 || 0.28304692507507984, 0.28264169426969776, 0.000405230805382073
5, 5 || 1, 4, 6, 8, 10 || 0.2736092699241493, 0.27294915835784705, 0.0006601115663022461
5, 6 || 1, 4, 6, 8, 10 || 0.2633952624480608, 0.26185083753882554, 0.0015444249092352313
8, 3 || 1, 4, 6, 8, 10 || 0.3734266828039887, 0.3723581172406804, 0.0010685655633083102
8, 4 || 1, 4, 6, 8, 10 || 0.38094685928017213, 0.38079436438223396, 0.00015249489793817128
8, 7 || 1, 4, 6, 8, 10 || 0.4982492748241352, 0.49815572265934976, 9.35521647854598e-05
8, 8 || 1, 4, 6, 8, 10 || 0.43680608257869535, 0.4358213397010684, 0.000984742877626954
9, 6 || 1, 4, 6, 8, 10 || 0.45766315005085634, 0.4571232277601896, 0.0005399222906667389
9, 10 || 1, 4, 6, 8, 10 || 0.40768770990423914, 0.4067047385358924, 0.0009829713683467411
4, 3 || 1, 4, 6, 9, 10 || 0.3401058894109942, 0.33997018608329316, 0.00013570332770102
4, 6 || 1, 4, 6, 9, 10 || 0.31064214266921053, 0.3104399448830697, 0.00020219778614083417
8, 5 || 1, 4, 6, 9, 10 || 0.3889099967462934, 0.3863277125648679, 0.002582284181425476
8, 6 || 1, 4, 6, 9, 10 || 0.3971357109737481, 0.396331630251302, 0.0008040807224460877
8, 10 || 1, 4, 7, 8, 8 || 0.31975737152757866, 0.31963710579274196, 0.00012026573483669978
7, 8 || 1, 4, 7, 8, 9 || 0.36792992230966515, 0.36751682601094354, 0.0004130962987216047
4, 3 || 1, 4, 7, 8, 10 || 0.24362670905582667, 0.2435618949594912, 6.481409633546376e-05
4, 4 || 1, 4, 7, 8, 10 || 0.23378124501117323, 0.23209737293838023, 0.0016838720727929968
4, 5 || 1, 4, 7, 8, 10 || 0.22635358549400775, 0.22235395259395493, 0.003999632900052813
4, 6 || 1, 4, 7, 8, 10 || 0.21867971204991826, 0.2156522089597751, 0.0030275030901431577
7, 10 || 1, 4, 7, 8, 10 || 0.2580835239169861, 0.25710055254863934, 0.0009829713683467411
3, 3 || 1, 4, 7, 9, 10 || 0.2887292044609782, 0.28842809186746354, 0.0003011125935146741
3, 4 || 1, 4, 7, 9, 10 || 0.2808873990015257, 0.280166916422084, 0.0007204825794416836
7, 8 || 1, 4, 7, 9, 10 || 0.37034927129481965, 0.3695222503802271, 0.0008270209145925245
8, 6 || 1, 4, 7, 9, 10 || 0.38921570708640285, 0.3886757847957361, 0.0005399222906667389
8, 10 || 1, 4, 7, 9, 10 || 0.3177561837137477, 0.3167732123454009, 0.0009829713683467967
6, 1 || 1, 4, 8, 8, 10 || 0.256674306186379, 0.2566338088416811, 4.0497344697909554e-05
7, 10 || 1, 4, 8, 9, 9 || 0.27518763611853303, 0.27506737038369633, 0.00012026573483669978
6, 8 || 1, 4, 8, 9, 10 || 0.39414074210119665, 0.39377059692528316, 0.0003701451759134944
6, 10 || 1, 4, 9, 10, 10 || 0.3588937229011961, 0.35879430850400285, 9.941439719324263e-05
6, 6 || 1, 5, 5, 7, 9 || 0.20598011053978865, 0.20579749502899994, 0.00018261551078871396
5, 6 || 1, 5, 5, 8, 9 || 0.3550223632849556, 0.3548577971643333, 0.00016456612062232256
4, 3 || 1, 5, 5, 8, 10 || 0.3156473620505954, 0.31564369281167587, 3.6692389195347452e-06
5, 6 || 1, 5, 5, 8, 10 || 0.3860790723882539, 0.3858964568774652, 0.0001826155107886862
4, 6 || 1, 5, 5, 9, 10 || 0.31181828736539735, 0.31165372124477503, 0.00016456612062232256
7, 5 || 1, 5, 6, 6, 9 || 0.24656223313855136, 0.2464057977113272, 0.00015643542722415527
7, 6 || 1, 5, 6, 6, 9 || 0.24037169785552787, 0.23968461392951923, 0.0006870839260086359
6, 2 || 1, 5, 6, 6, 10 || 0.16759981422224868, 0.16028296235822453, 0.007316851864024143
6, 3 || 1, 5, 6, 6, 10 || 0.16852641938235854, 0.15890708139035037, 0.009619337992008176
6, 4 || 1, 5, 6, 6, 10 || 0.17092111539230692, 0.16682704535501192, 0.004094070037295006
6, 5 || 1, 5, 6, 6, 10 || 0.1753912697571458, 0.17480237507357776, 0.000588894683568042
6, 5 || 1, 5, 6, 7, 10 || 0.183298814858084, 0.18206725360204018, 0.0012315612560438172
6, 6 || 1, 5, 6, 7, 10 || 0.1843275417948684, 0.18344247541626343, 0.0008850663786049706
5, 3 || 1, 5, 6, 8, 9 || 0.3114420736557315, 0.3113561004498351, 8.597320589642798e-05
8, 10 || 1, 5, 6, 8, 9 || 0.3115384814377916, 0.3115361217344663, 2.3597033252942268e-06
4, 5 || 1, 5, 6, 8, 10 || 0.34876029620171095, 0.3482132641485266, 0.0005470320531843487
4, 6 || 1, 5, 6, 8, 10 || 0.3372329700902204, 0.334126203231062, 0.003106766859158394
8, 10 || 1, 5, 6, 8, 10 || 0.3338233491423144, 0.3338209894389892, 2.3597033251832045e-06
3, 2 || 1, 5, 6, 9, 10 || 0.28858515495314974, 0.28830328035888186, 0.0002818745942678724
3, 3 || 1, 5, 6, 9, 10 || 0.28253246345784183, 0.28133501769878827, 0.0011974457590535614
3, 4 || 1, 5, 6, 9, 10 || 0.2777063975491729, 0.2775398751112737, 0.00016652243789921917
4, 3 || 1, 5, 6, 9, 10 || 0.3994284960422897, 0.39934252283639327, 8.597320589642798e-05
7, 4 || 1, 5, 6, 9, 10 || 0.3160580300947875, 0.3157977230488792, 0.00026030704590829234
7, 5 || 1, 5, 6, 9, 10 || 0.3236299419349177, 0.32098188960557417, 0.0026480523293435088
7, 6 || 1, 5, 6, 9, 10 || 0.3330733586672494, 0.33125694387899196, 0.0018164147882574477
7, 8 || 1, 5, 6, 9, 10 || 0.3013437901075315, 0.30052992246943594, 0.0008138676380955445
7, 10 || 1, 5, 7, 8, 8 || 0.28102829991510897, 0.28054106783276755, 0.0004872320823414156
4, 3 || 1, 5, 7, 8, 10 || 0.2943456495800668, 0.2941370977984298, 0.00020855178163703414
4, 4 || 1, 5, 7, 8, 10 || 0.2830469250750798, 0.28264169426969776, 0.0004052308053820175
4, 5 || 1, 5, 7, 8, 10 || 0.2736092699241493, 0.27294915835784705, 0.0006601115663022461
4, 6 || 1, 5, 7, 8, 10 || 0.2633952624480608, 0.26185083753882554, 0.0015444249092352313
7, 4 || 1, 5, 7, 8, 10 || 0.3058089814097176, 0.30567037106781614, 0.00013861034190143506
3, 3 || 1, 5, 7, 9, 10 || 0.3401058894109936, 0.33997018608329316, 0.0001357033277004649
3, 6 || 1, 5, 7, 9, 10 || 0.31064214266921053, 0.3104399448830697, 0.00020219778614083417
7, 10 || 1, 5, 7, 9, 10 || 0.266968746028746, 0.26696638632542075, 2.3597033252387156e-06
6, 10 || 1, 5, 8, 8, 10 || 0.23445719746400856, 0.23136867008673898, 0.0030885273772695843
6, 10 || 1, 5, 8, 9, 9 || 0.23645856450606334, 0.23597133242372192, 0.0004872320823414156
5, 8 || 1, 5, 8, 9, 10 || 0.4168069540159556, 0.4164420139581688, 0.00036494005778675564
5, 10 || 1, 5, 9, 10, 10 || 0.365864875537961, 0.3653776434556195, 0.0004872320823414711
4, 6 || 1, 6, 6, 8, 10 || 0.3860790723882539, 0.3858964568774652, 0.0001826155107886862
3, 6 || 1, 6, 6, 9, 10 || 0.31181828736539735, 0.31165372124477503, 0.00016456612062232256
3, 3 || 1, 6, 7, 9, 10 || 0.3994284960422897, 0.39934252283639327, 8.597320589642798e-05
6, 6 || 1, 6, 7, 9, 10 || 0.28601492638296044, 0.28532187114559665, 0.0006930552373637933
1, 2 || 1, 6, 7, 10, 10 || 0.3728687271027048, 0.37265622793909287, 0.00021249916361193444
1, 3 || 1, 6, 7, 10, 10 || 0.3611752317533346, 0.3609678764645089, 0.00020735528882570575
1, 4 || 1, 6, 7, 10, 10 || 0.34924247956048216, 0.34904047104358615, 0.00020200851689600174
1, 5 || 1, 6, 7, 10, 10 || 0.33726128096784747, 0.33706647967127323, 0.00019480129657423184
1, 6 || 1, 6, 7, 10, 10 || 0.32395008411162574, 0.323739360961659, 0.00021072314996672947
5, 10 || 1, 6, 8, 9, 9 || 0.24171076866687935, 0.2412464006584562, 0.00046436800842314385
1, 10 || 1, 6, 8, 9, 10 || 0.440361185273046, 0.439985484536655, 0.00037570073639103807
4, 10 || 1, 6, 9, 10, 10 || 0.37263795371444497, 0.3721735857060216, 0.0004643680084233659
1, 1 || 1, 7, 8, 10, 10 || 0.4183699947015287, 0.41726692074370164, 0.0011030739578270499
1, 9 || 1, 7, 8, 10, 10 || 0.4742301458935795, 0.472699004593862, 0.0015311412997174867
1, 1 || 1, 7, 9, 10, 10 || 0.4259818323233716, 0.42549260230975383, 0.0004892300136177807
3, 10 || 1, 7, 9, 10, 10 || 0.37993521173265443, 0.3794922927449162, 0.0004429189877382389
1, 10 || 1, 8, 9, 10, 10 || 0.4444473172482073, 0.4440774709198839, 0.0003698463283233755
